Ro	Time	E_SvFs	E
0.0	2.8	0.776345591755	0.776345591755
0.02	2.8	0.781150000365	0.781150000365
0.04	2.8	0.782875435467	0.782875435467
0.06	2.8	0.786123500105	0.786123500105
0.08	2.8	0.788565638254	0.788565638254
0.1	2.8	0.791752715538	0.791752715538
0.12	2.8	0.794688243777	0.794688243777
0.14	2.8	0.798377040735	0.798377040735
0.16	2.8	0.800970825719	0.800970825719
0.18	2.8	0.805310000375	0.805310000375
0.2	2.8	0.804655138631	0.804655138631
0.22	2.8	0.805651578096	0.805651578096
0.24	2.8	0.805424668397	0.805424668397
0.26	2.8	0.80561751279	0.80561751279
0.28	2.8	0.805406944094	0.805406944094
0.3	2.8	0.805053352548	0.805053352548
0.32	2.8	0.804358030356	0.804358030356
0.34	2.8	0.803333227127	0.803333227127
0.36	2.8	0.801904245239	0.801904245239
0.38	2.8	0.800039369813	0.800039369813
0.4	2.8	0.797690043234	0.797690043234
0.42	2.8	0.794816798074	0.794816798074
0.44	2.8	0.791374973967	0.791374973967
0.46	2.8	0.787322677189	0.787322677189
0.48	2.8	0.782609360989	0.782609360989
0.5	2.8	0.777193514485	0.777193514485
0.52	2.8	0.771001269714	0.771001269714
0.54	2.8	0.764012929972	0.764012929972
0.56	2.8	0.75606406611	0.75606406611
0.58	2.8	0.747284312124	0.747284312124
0.6	2.8	0.737094377701	0.737094377701
0.62	2.8	0.726482574782	0.726482574782
0.64	2.8	0.712669647318	0.712669647318
0.66	2.8	0.701718293154	0.701718293154
0.68	2.8	0.676150000432	0.676150000432
0.7	2.8	0.685203671165	0.685203671165
0.72	2.8	0.679695156912	0.679695156912
0.74	2.8	0.67716634476	0.67716634476
0.76	2.8	0.671597520843	0.671597520843
0.78	2.8	0.665861234681	0.665861234681
0.8	2.8	0.658955931255	0.658955931255
0.82	2.8	0.651686415756	0.651686415756
0.84	2.8	0.643625523492	0.643625523492
0.86	2.8	0.63577006113	0.63577006113
0.88	2.8	0.626452579401	0.626452579401
0.9	2.8	0.619329340369	0.619329340369
0.92	2.8	0.606308950449	0.606308950449
0.94	2.8	0.593051049169	0.593051049169
0.96	2.8	0.580071656896	0.580071656896
0.98	2.8	0.560652158163	0.560652158163
1.0	2.8	0.54449290946	0.54449290946
0.0	2.801	0.775536684538	0.775536684538
0.02	2.801	0.781739999455	0.781739999455
0.04	2.801	0.782064395848	0.782064395848
0.06	2.801	0.785113523416	0.785113523416
0.08	2.801	0.787813073243	0.787813073243
0.1	2.801	0.790924048613	0.790924048613
0.12	2.801	0.793939655355	0.793939655355
0.14	2.801	0.797354976617	0.797354976617
0.16	2.801	0.800184517792	0.800184517792
0.18	2.801	0.805919999429	0.805919999429
0.2	2.801	0.803977066186	0.803977066186
0.22	2.801	0.804855053867	0.804855053867
0.24	2.801	0.805009555903	0.805009555903
0.26	2.801	0.80528368304	0.80528368304
0.28	2.801	0.805236176825	0.805236176825
0.3	2.801	0.804982932255	0.804982932255
0.32	2.801	0.804395816041	0.804395816041
0.34	2.801	0.803463136542	0.803463136542
0.36	2.801	0.802124515799	0.802124515799
0.38	2.801	0.800345554321	0.800345554321
0.4	2.801	0.798082201899	0.798082201899
0.42	2.801	0.795296276558	0.795296276558
0.44	2.801	0.791946327451	0.791946327451
0.46	2.801	0.787992559506	0.787992559506
0.48	2.801	0.783389089013	0.783389089013
0.5	2.801	0.778095581625	0.778095581625
0.52	2.801	0.772049265478	0.772049265478
0.54	2.801	0.765222942964	0.765222942964
0.56	2.801	0.757490499763	0.757490499763
0.58	2.801	0.748923971695	0.748923971695
0.6	2.801	0.739112807373	0.739112807373
0.62	2.801	0.728713936002	0.728713936002
0.64	2.801	0.715885326906	0.715885326906
0.66	2.801	0.704603776677	0.704603776677
0.68	2.801	0.686819999656	0.686819999656
0.7	2.801	0.687632023878	0.687632023878
0.72	2.801	0.681996608551	0.681996608551
0.74	2.801	0.678024045936	0.678024045936
0.76	2.801	0.671786118761	0.671786118761
0.78	2.801	0.665208623318	0.665208623318
0.8	2.801	0.65765250003	0.65765250003
0.82	2.801	0.649706687926	0.649706687926
0.84	2.801	0.641161456263	0.641161456263
0.86	2.801	0.632721277461	0.632721277461
0.88	2.801	0.623625537783	0.623625537783
0.9	2.801	0.616008685701	0.616008685701
0.92	2.801	0.6071416592	0.6071416592
0.94	2.801	0.593638344101	0.593638344101
0.96	2.801	0.57585902068	0.57585902068
0.98	2.801	0.556581700441	0.556581700441
1.0	2.801	0.539368385525	0.539368385525
0.0	2.802	0.774729537847	0.774729537847
0.02	2.802	0.778879999362	0.778879999362
0.04	2.802	0.781255709295	0.781255709295
0.06	2.802	0.784099785294	0.784099785294
0.08	2.802	0.787063290739	0.787063290739
0.1	2.802	0.790103902662	0.790103902662
0.12	2.802	0.793193703817	0.793193703817
0.14	2.802	0.796328965194	0.796328965194
0.16	2.802	0.799399903451	0.799399903451
0.18	2.802	0.802969999339	0.802969999339
0.2	2.802	0.803300436104	0.803300436104
0.22	2.802	0.804053614065	0.804053614065
0.24	2.802	0.80459629425	0.80459629425
0.26	2.802	0.804954366376	0.804954366376
0.28	2.802	0.805066552973	0.805066552973
0.3	2.802	0.804913936905	0.804913936905
0.32	2.802	0.804434298777	0.804434298777
0.34	2.802	0.803593616412	0.803593616412
0.36	2.802	0.802345059871	0.802345059871
0.38	2.802	0.800651807895	0.800651807895
0.4	2.802	0.798474182687	0.798474182687
0.42	2.802	0.795775329093	0.795775329093
0.44	2.802	0.79251696197	0.79251696197
0.46	2.802	0.78866139989	0.78866139989
0.48	2.802	0.784167349533	0.784167349533
0.5	2.802	0.778995737758	0.778995737758
0.52	2.802	0.773094612213	0.773094612213
0.54	2.802	0.766429768234	0.766429768234
0.56	2.802	0.758912073222	0.758912073222
0.58	2.802	0.750558722047	0.750558722047
0.6	2.802	0.741119260673	0.741119260673
0.62	2.802	0.730938837892	0.730938837892
0.64	2.802	0.719002227637	0.719002227637
0.66	2.802	0.707479725609	0.707479725609
0.68	2.802	0.693779999692	0.693779999692
0.7	2.802	0.690050895239	0.690050895239
0.72	2.802	0.684199331997	0.684199331997
0.74	2.802	0.678875319512	0.678875319512
0.76	2.802	0.671962435155	0.671962435155
0.78	2.802	0.664550475618	0.664550475618
0.8	2.802	0.656341690599	0.656341690599
0.82	2.802	0.647719905996	0.647719905996
0.84	2.802	0.638680051817	0.638680051817
0.86	2.802	0.629650838203	0.629650838203
0.88	2.802	0.620688041055	0.620688041055
0.9	2.802	0.61255908467	0.61255908467
0.92	2.802	0.609125456663	0.609125456663
0.94	2.802	0.595374539344	0.595374539344
0.96	2.802	0.571517089566	0.571517089566
0.98	2.802	0.552386665944	0.552386665944
1.0	2.802	0.534220666869	0.534220666869
0.0	2.803	0.773929187776	0.773929187776
0.02	2.803	0.774180001536	0.774180001536
0.04	2.803	0.780456791965	0.780456791965
0.06	2.803	0.783141490065	0.783141490065
0.08	2.803	0.786321129466	0.786321129466
0.1	2.803	0.789309422051	0.789309422051
0.12	2.803	0.792454896951	0.792454896951
0.14	2.803	0.795360085567	0.795360085567
0.16	2.803	0.79862288015	0.79862288015
0.18	2.803	0.798120001598	0.798120001598
0.2	2.803	0.802630659469	0.802630659469
0.22	2.803	0.803306461163	0.803306461163
0.24	2.803	0.804187936417	0.804187936417
0.26	2.803	0.804638648313	0.804638648313
0.28	2.803	0.804900231752	0.804900231752
0.3	2.803	0.804849155666	0.804849155666
0.32	2.803	0.804474851305	0.804474851305
0.34	2.803	0.803725800085	0.803725800085
0.36	2.803	0.802566422019	0.802566422019
0.38	2.803	0.800958270196	0.800958270196
0.4	2.803	0.798865633245	0.798865633245
0.42	2.803	0.796253110389	0.796253110389
0.44	2.803	0.793085448469	0.793085448469
0.46	2.803	0.789327128923	0.789327128923
0.48	2.803	0.78494122355	0.78494122355
0.5	2.803	0.77989019118	0.77989019118
0.52	2.803	0.774132036889	0.774132036889
0.54	2.803	0.767627104172	0.767627104172
0.56	2.803	0.760319157745	0.760319157745
0.58	2.803	0.752179000765	0.752179000765
0.6	2.803	0.743092071858	0.743092071858
0.62	2.803	0.733145923701	0.733145923701
0.64	2.803	0.721905505127	0.721905505127
0.66	2.803	0.710345825618	0.710345825618
0.68	2.803	0.696709999805	0.696709999805
0.7	2.803	0.692460084897	0.692460084897
0.72	2.803	0.686188599548	0.686188599548
0.74	2.803	0.67970891117	0.67970891117
0.76	2.803	0.672104260916	0.672104260916
0.78	2.803	0.663876140527	0.663876140527
0.8	2.803	0.655009188804	0.655009188804
0.82	2.803	0.645712845657	0.645712845657
0.84	2.803	0.636149694017	0.636149694017
0.86	2.803	0.626520908533	0.626520908533
0.88	2.803	0.617458112673	0.617458112673
0.9	2.803	0.608772152591	0.608772152591
0.92	2.803	0.605782537611	0.605782537611
0.94	2.803	0.591777462015	0.591777462015
0.96	2.803	0.566837415016	0.566837415016
0.98	2.803	0.547860221273	0.547860221273
1.0	2.803	0.529008755598	0.529008755598
0.0	2.804	0.773141499618	0.773141499618
0.02	2.804	0.775239999217	0.775239999217
0.04	2.804	0.779676792832	0.779676792832
0.06	2.804	0.782319552154	0.782319552154
0.08	2.804	0.785591312678	0.785591312678
0.1	2.804	0.788554050142	0.788554050142
0.12	2.804	0.791727725737	0.791727725737
0.14	2.804	0.794531600544	0.794531600544
0.16	2.804	0.79786183162	0.79786183162
0.18	2.804	0.799219999194	0.799219999194
0.2	2.804	0.801975631017	0.801975631017
0.22	2.804	0.80269529208	0.80269529208
0.24	2.804	0.803787535602	0.803787535602
0.26	2.804	0.80434370915	0.80434370915
0.28	2.804	0.804739378197	0.804739378197
0.3	2.804	0.804791035624	0.804791035624
0.32	2.804	0.804518854491	0.804518854491
0.34	2.804	0.803860767752	0.803860767752
0.36	2.804	0.80278915309	0.80278915309
0.38	2.804	0.801265078954	0.801265078954
0.4	2.804	0.799256215296	0.799256215296
0.42	2.804	0.796728792759	0.796728792759
0.44	2.804	0.793650390567	0.793650390567
0.46	2.804	0.789987713403	0.789987713403
0.48	2.804	0.785707862978	0.785707862978
0.5	2.804	0.78077520055	0.78077520055
0.52	2.804	0.77515644273	0.77515644273
0.54	2.804	0.768808653882	0.768808653882
0.56	2.804	0.761702828482	0.761702828482
0.58	2.804	0.753774850809	0.753774850809
0.6	2.804	0.745016574745	0.745016574745
0.62	2.804	0.735321545443	0.735321545443
0.64	2.804	0.724635420811	0.724635420811
0.66	2.804	0.713193871896	0.713193871896
0.68	2.804	0.697890000527	0.697890000527
0.7	2.804	0.694851517775	0.694851517775
0.72	2.804	0.688004849026	0.688004849026
0.74	2.804	0.680511352259	0.680511352259
0.76	2.804	0.672196656632	0.672196656632
0.78	2.804	0.663174873036	0.663174873036
0.8	2.804	0.653642732376	0.653642732376
0.82	2.804	0.643673701101	0.643673701101
0.84	2.804	0.633548382226	0.633548382226
0.86	2.804	0.623303689528	0.623303689528
0.88	2.804	0.613879961927	0.613879961927
0.9	2.804	0.604574501138	0.604574501138
0.92	2.804	0.599764319921	0.599764319921
0.94	2.804	0.585495682273	0.585495682273
0.96	2.804	0.56174624942	0.56174624942
0.98	2.804	0.542931037408	0.542931037408
1.0	2.804	0.523703202815	0.523703202815
0.0	2.805	0.772368714522	0.772368714522
0.02	2.805	0.775290000078	0.775290000078
0.04	2.805	0.778917744429	0.778917744429
0.06	2.805	0.781618966289	0.781618966289
0.08	2.805	0.784877773253	0.784877773253
0.1	2.805	0.787844009277	0.787844009277
0.12	2.805	0.791015954181	0.791015954181
0.14	2.805	0.793827661745	0.793827661745
0.16	2.805	0.797118154713	0.797118154713
0.18	2.805	0.799270000079	0.799270000079
0.2	2.805	0.801336265156	0.801336265156
0.22	2.805	0.802203107649	0.802203107649
0.24	2.805	0.803397513973	0.803397513973
0.26	2.805	0.804073042111	0.804073042111
0.28	2.805	0.804586076824	0.804586076824
0.3	2.805	0.804741572315	0.804741572315
0.32	2.805	0.804567684354	0.804567684354
0.34	2.805	0.803999533489	0.803999533489
0.36	2.805	0.803013810102	0.803013810102
0.38	2.805	0.801572372583	0.801572372583
0.4	2.805	0.799645612138	0.799645612138
0.42	2.805	0.797201578508	0.797201578508
0.44	2.805	0.794210442843	0.794210442843
0.46	2.805	0.790641182829	0.790641182829
0.48	2.805	0.786464525551	0.786464525551
0.5	2.805	0.781647125372	0.781647125372
0.52	2.805	0.77616296722	0.77616296722
0.54	2.805	0.769968223432	0.769968223432
0.56	2.805	0.763054886388	0.763054886388
0.58	2.805	0.755336138807	0.755336138807
0.6	2.805	0.746882824511	0.746882824511
0.62	2.805	0.73745029456	0.73745029456
0.64	2.805	0.72728563968	0.72728563968
0.66	2.805	0.716008887558	0.716008887558
0.68	2.805	0.701339999948	0.701339999948
0.7	2.805	0.697210373754	0.697210373754
0.72	2.805	0.689742008334	0.689742008334
0.74	2.805	0.681267546616	0.681267546616
0.76	2.805	0.672229783272	0.672229783272
0.78	2.805	0.662436268717	0.662436268717
0.8	2.805	0.652232562007	0.652232562007
0.82	2.805	0.641593032162	0.641593032162
0.84	2.805	0.63086491881	0.63086491881
0.86	2.805	0.619984193511	0.619984193511
0.88	2.805	0.609990756349	0.609990756349
0.9	2.805	0.599996315883	0.599996315883
0.92	2.805	0.594381406546	0.594381406546
0.94	2.805	0.579838592728	0.579838592728
0.96	2.805	0.556273583849	0.556273583849
0.98	2.805	0.537631276871	0.537631276871
1.0	2.805	0.518289205087	0.518289205087
0.0	2.806	0.771611489918	0.771611489918
0.02	2.806	0.774979999878	0.774979999878
0.04	2.806	0.778178515135	0.778178515135
0.06	2.806	0.780993664075	0.780993664075
0.08	2.806	0.784183469876	0.784183469876
0.1	2.806	0.787179029501	0.787179029501
0.12	2.806	0.790322409402	0.790322409402
0.14	2.806	0.793200426558	0.793200426558
0.16	2.806	0.796390134242	0.796390134242
0.18	2.806	0.79894999987	0.79894999987
0.2	2.806	0.800710372224	0.800710372224
0.22	2.806	0.801781336952	0.801781336952
0.24	2.806	0.80301947582	0.80301947582
0.26	2.806	0.803826830148	0.803826830148
0.28	2.806	0.804442301191	0.804442301191
0.3	2.806	0.804702302147	0.804702302147
0.32	2.806	0.804622707512	0.804622707512
0.34	2.806	0.804143044727	0.804143044727
0.36	2.806	0.803240956802	0.803240956802
0.38	2.806	0.80188029412	0.80188029412
0.4	2.806	0.800033535642	0.800033535642
0.42	2.806	0.797670711982	0.797670711982
0.44	2.806	0.794764328109	0.794764328109
0.46	2.806	0.791285655202	0.791285655202
0.48	2.806	0.787208607063	0.787208607063
0.5	2.806	0.782502476306	0.782502476306
0.52	2.806	0.777147027741	0.777147027741
0.54	2.806	0.771099824491	0.771099824491
0.56	2.806	0.764367750475	0.764367750475
0.58	2.806	0.756852788572	0.756852788572
0.6	2.806	0.748681305773	0.748681305773
0.62	2.806	0.739515390483	0.739515390483
0.64	2.806	0.729892446404	0.729892446404
0.66	2.806	0.718765739871	0.718765739871
0.68	2.806	0.706240000294	0.706240000294
0.7	2.806	0.699511712451	0.699511712451
0.72	2.806	0.691436729345	0.691436729345
0.74	2.806	0.681961200474	0.681961200474
0.76	2.806	0.672194671453	0.672194671453
0.78	2.806	0.661650640957	0.661650640957
0.8	2.806	0.650771429111	0.650771429111
0.82	2.806	0.639464265304	0.639464265304
0.84	2.806	0.628097238106	0.628097238106
0.86	2.806	0.616559295726	0.616559295726
0.88	2.806	0.605831151466	0.605831151466
0.9	2.806	0.59507906216	0.59507906216
0.92	2.806	0.587733650984	0.587733650984
0.94	2.806	0.572906347752	0.572906347752
0.96	2.806	0.550461174787	0.550461174787
0.98	2.806	0.532005333059	0.532005333059
1.0	2.806	0.512765808986	0.512765808986
0.0	2.807	0.770869889237	0.770869889237
0.02	2.807	0.774190000011	0.774190000011
0.04	2.807	0.77745645694	0.77745645694
0.06	2.807	0.780432550127	0.780432550127
0.08	2.807	0.783510641032	0.783510641032
0.1	2.807	0.786555381503	0.786555381503
0.12	2.807	0.789649224311	0.789649224311
0.14	2.807	0.792638261305	0.792638261305
0.16	2.807	0.795674538201	0.795674538201
0.18	2.807	0.798130000019	0.798130000019
0.2	2.807	0.800094246019	0.800094246019
0.22	2.807	0.801417958753	0.801417958753
0.24	2.807	0.802654408173	0.802654408173
0.26	2.807	0.803603491086	0.803603491086
0.28	2.807	0.804309949961	0.804309949961
0.3	2.807	0.804674387868	0.804674387868
0.32	2.807	0.804685286649	0.804685286649
0.34	2.807	0.804292194107	0.804292194107
0.36	2.807	0.803471164913	0.803471164913
0.38	2.807	0.802188996259	0.802188996259
0.4	2.807	0.800419732593	0.800419732593
0.42	2.807	0.798135490997	0.798135490997
0.44	2.807	0.795310853424	0.795310853424
0.46	2.807	0.79191936158	0.79191936158
0.48	2.807	0.787937671068	0.787937671068
0.5	2.807	0.783337963737	0.783337963737
0.52	2.807	0.778104361826	0.778104361826
0.54	2.807	0.77219777662	0.77219777662
0.56	2.807	0.765634375112	0.765634375112
0.58	2.807	0.758315029925	0.758315029925
0.6	2.807	0.750400565337	0.750400565337
0.62	2.807	0.741499269221	0.741499269221
0.64	2.807	0.732409678493	0.732409678493
0.66	2.807	0.721430406982	0.721430406982
0.68	2.807	0.712439999704	0.712439999704
0.7	2.807	0.701721744962	0.701721744962
0.72	2.807	0.693043328595	0.693043328595
0.74	2.807	0.682575433992	0.682575433992
0.76	2.807	0.672080866795	0.672080866795
0.78	2.807	0.660809331856	0.660809331856
0.8	2.807	0.649254382568	0.649254382568
0.82	2.807	0.637283795175	0.637283795175
0.84	2.807	0.625250204089	0.625250204089
0.86	2.807	0.613035623144	0.613035623144
0.88	2.807	0.60145891905	0.60145891905
0.9	2.807	0.5898889782	0.5898889782
0.92	2.807	0.579570295078	0.579570295078
0.94	2.807	0.564449706407	0.564449706407
0.96	2.807	0.544376224451	0.544376224451
0.98	2.807	0.526121071526	0.526121071526
1.0	2.807	0.507143747464	0.507143747464
0.0	2.808	0.770144002518	0.770144002518
0.02	2.808	0.773940000132	0.773940000132
0.04	2.808	0.776748228906	0.776748228906
0.06	2.808	0.779939717113	0.779939717113
0.08	2.808	0.782861292999	0.782861292999
0.1	2.808	0.78596699484	0.78596699484
0.12	2.808	0.78899832634	0.78899832634
0.14	2.808	0.792145175145	0.792145175145
0.16	2.808	0.794967435989	0.794967435989
0.18	2.808	0.797880000136	0.797880000136
0.2	2.808	0.799483466507	0.799483466507
0.22	2.808	0.801116804032	0.801116804032
0.24	2.808	0.802303071466	0.802303071466
0.26	2.808	0.803400247825	0.803400247825
0.28	2.808	0.80419094063	0.80419094063
0.3	2.808	0.804658755416	0.804658755416
0.32	2.808	0.804756794285	0.804756794285
0.34	2.808	0.804447841059	0.804447841059
0.36	2.808	0.803705015567	0.803705015567
0.38	2.808	0.802498646868	0.802498646868
0.4	2.808	0.800803990148	0.800803990148
0.42	2.808	0.798595277318	0.798595277318
0.44	2.808	0.795848924682	0.795848924682
0.46	2.808	0.79254066885	0.79254066885
0.48	2.808	0.788649476127	0.788649476127
0.5	2.808	0.784150543167	0.784150543167
0.52	2.808	0.779031067522	0.779031067522
0.54	2.808	0.773256805	0.773256805
0.56	2.808	0.766848284669	0.766848284669
0.58	2.808	0.759713659661	0.759713659661
0.6	2.808	0.752027969669	0.752027969669
0.62	2.808	0.743384514273	0.743384514273
0.64	2.808	0.734753390803	0.734753390803
0.66	2.808	0.72396426791	0.72396426791
0.68	2.808	0.717099999821	0.717099999821
0.7	2.808	0.703802124953	0.703802124953
0.72	2.808	0.694478449107	0.694478449107
0.74	2.808	0.683093715645	0.683093715645
0.76	2.808	0.671877157545	0.671877157545
0.78	2.808	0.659904958231	0.659904958231
0.8	2.808	0.647678517447	0.647678517447
0.82	2.808	0.635050788921	0.635050788921
0.84	2.808	0.622333384067	0.622333384067
0.86	2.808	0.609426957444	0.609426957444
0.88	2.808	0.596951790184	0.596951790184
0.9	2.808	0.584518126926	0.584518126926
0.92	2.808	0.572560155023	0.572560155023
0.94	2.808	0.557139845033	0.557139845033
0.96	2.808	0.538112500588	0.538112500588
0.98	2.808	0.520070244236	0.520070244236
1.0	2.808	0.501442626272	0.501442626272
0.0	2.809	0.769434057071	0.769434057071
0.02	2.809	0.775170000429	0.775170000429
0.04	2.809	0.776049534573	0.776049534573
0.06	2.809	0.779498216561	0.779498216561
0.08	2.809	0.782237867465	0.782237867465
0.1	2.809	0.785405067246	0.785405067246
0.12	2.809	0.788372117996	0.788372117996
0.14	2.809	0.79170346826	0.79170346826
0.16	2.809	0.794263950024	0.794263950024
0.18	2.809	0.799140000447	0.799140000447
0.2	2.809	0.79887263163	0.79887263163
0.22	2.809	0.800860036685	0.800860036685
0.24	2.809	0.801966544826	0.801966544826
0.26	2.809	0.803212931019	0.803212931019
0.28	2.809	0.804087341557	0.804087341557
0.3	2.809	0.804656267187	0.804656267187
0.32	2.809	0.804838630294	0.804838630294
0.34	2.809	0.804610838846	0.804610838846
0.36	2.809	0.803943099951	0.803943099951
0.38	2.809	0.802809434079	0.802809434079
0.4	2.809	0.801186140122	0.801186140122
0.42	2.809	0.799049505861	0.799049505861
0.44	2.809	0.796377559556	0.796377559556
0.46	2.809	0.793148100272	0.793148100272
0.48	2.809	0.789342000475	0.789342000475
0.5	2.809	0.784937456211	0.784937456211
0.52	2.809	0.779923644618	0.779923644618
0.54	2.809	0.774272129302	0.774272129302
0.56	2.809	0.768003706191	0.768003706191
0.58	2.809	0.761040295672	0.761040295672
0.6	2.809	0.753552014307	0.753552014307
0.62	2.809	0.745154948008	0.745154948008
0.64	2.809	0.73686731661	0.73686731661
0.66	2.809	0.726331288944	0.726331288944
0.68	2.809	0.720100000158	0.720100000158
0.7	2.809	0.705717132261	0.705717132261
0.72	2.809	0.695686509583	0.695686509583
0.74	2.809	0.683500938796	0.683500938796
0.76	2.809	0.671573821516	0.671573821516
0.78	2.809	0.658931587204	0.658931587204
0.8	2.809	0.646042747581	0.646042747581
0.82	2.809	0.632766803247	0.632766803247
0.84	2.809	0.619358883624	0.619358883624
0.86	2.809	0.60575142215	0.60575142215
0.88	2.809	0.59236146813	0.59236146813
0.9	2.809	0.579034174874	0.579034174874
0.92	2.809	0.565911819593	0.565911819593
0.94	2.809	0.550188180308	0.550188180308
0.96	2.809	0.531740085187	0.531740085187
0.98	2.809	0.513920157542	0.513920157542
1.0	2.809	0.495687783853	0.495687783853
0.0	2.81	0.768741160743	0.768741160743
0.02	2.81	0.777629999283	0.777629999283
0.04	2.81	0.775356042019	0.775356042019
0.06	2.81	0.779034000726	0.779034000726
0.08	2.81	0.781644095958	0.781644095958
0.1	2.81	0.784859476617	0.784859476617
0.12	2.81	0.787774356488	0.787774356488
0.14	2.81	0.791236703415	0.791236703415
0.16	2.81	0.793559332245	0.793559332245
0.18	2.81	0.801679999255	0.801679999255
0.2	2.81	0.798256414985	0.798256414985
0.22	2.81	0.800570910228	0.800570910228
0.24	2.81	0.801646959638	0.801646959638
0.26	2.81	0.803036695395	0.803036695395
0.28	2.81	0.804001514664	0.804001514664
0.3	2.81	0.804667942149	0.804667942149
0.32	2.81	0.8049322365	0.8049322365
0.34	2.81	0.804782061507	0.804782061507
0.36	2.81	0.804186017891	0.804186017891
0.38	2.81	0.803121569825	0.803121569825
0.4	2.81	0.801566061821	0.801566061821
0.42	2.81	0.799497692304	0.799497692304
0.44	2.81	0.79689589862	0.79689589862
0.46	2.81	0.793740353415	0.793740353415
0.48	2.81	0.79001346377	0.79001346377
0.5	2.81	0.785696266186	0.785696266186
0.52	2.81	0.780779033276	0.780779033276
0.54	2.81	0.775239539445	0.775239539445
0.56	2.81	0.769095719791	0.769095719791
0.58	2.81	0.762287594923	0.762287594923
0.6	2.81	0.754964028206	0.754964028206
0.62	2.81	0.746796559935	0.746796559935
0.64	2.81	0.738736966396	0.738736966396
0.66	2.81	0.728501984072	0.728501984072
0.68	2.81	0.722890000215	0.722890000215
0.7	2.81	0.707437626979	0.707437626979
0.72	2.81	0.696653783768	0.696653783768
0.74	2.81	0.683784319614	0.683784319614
0.76	2.81	0.671164246113	0.671164246113
0.78	2.81	0.65788482973	0.65788482973
0.8	2.81	0.644347583279	0.644347583279
0.82	2.81	0.630435310575	0.630435310575
0.84	2.81	0.616340091277	0.616340091277
0.86	2.81	0.602029533472	0.602029533472
0.88	2.81	0.587716296193	0.587716296193
0.9	2.81	0.573481979894	0.573481979894
0.92	2.81	0.558743801975	0.558743801975
0.94	2.81	0.542716196488	0.542716196488
0.96	2.81	0.525306858067	0.525306858067
0.98	2.81	0.507714973609	0.507714973609
1.0	2.81	0.489907939826	0.489907939826
0.0	2.811	0.768069704684	0.768069704684
0.02	2.811	0.777030000642	0.777030000642
0.04	2.811	0.774667609132	0.774667609132
0.06	2.811	0.778456064836	0.778456064836
0.08	2.811	0.781085944541	0.781085944541
0.1	2.811	0.784323968354	0.784323968354
0.12	2.811	0.787211130566	0.787211130566
0.14	2.811	0.790650846881	0.790650846881
0.16	2.811	0.792853476378	0.792853476378
0.18	2.811	0.801070000644	0.801070000644
0.2	2.811	0.797634066366	0.797634066366
0.22	2.811	0.80015466611	0.80015466611
0.24	2.811	0.80134835638	0.80134835638
0.26	2.811	0.802868650689	0.802868650689
0.28	2.811	0.803936230058	0.803936230058
0.3	2.811	0.804695201516	0.804695201516
0.32	2.811	0.805039100729	0.805039100729
0.34	2.811	0.804962423351	0.804962423351
0.36	2.811	0.804434373095	0.804434373095
0.38	2.811	0.803435290689	0.803435290689
0.4	2.811	0.801943683171	0.801943683171
0.42	2.811	0.799939438841	0.799939438841
0.44	2.811	0.797403214492	0.797403214492
0.46	2.811	0.794316315225	0.794316315225
0.48	2.811	0.790662345464	0.790662345464
0.5	2.811	0.786424887607	0.786424887607
0.52	2.811	0.781594645328	0.781594645328
0.54	2.811	0.776155454921	0.776155454921
0.56	2.811	0.7701203585	0.7701203585
0.58	2.811	0.763449410006	0.763449410006
0.6	2.811	0.756258719934	0.756258719934
0.62	2.811	0.748298080779	0.748298080779
0.64	2.811	0.740353872703	0.740353872703
0.66	2.811	0.730454058585	0.730454058585
0.68	2.811	0.72537999949	0.72537999949
0.7	2.811	0.70894168375	0.70894168375
0.72	2.811	0.697372620335	0.697372620335
0.74	2.811	0.683933929014	0.683933929014
0.76	2.811	0.670645378212	0.670645378212
0.78	2.811	0.656761844941	0.656761844941
0.8	2.811	0.642594874492	0.642594874492
0.82	2.811	0.628061194795	0.628061194795
0.84	2.811	0.613291148997	0.613291148997
0.86	2.811	0.598283022059	0.598283022059
0.88	2.811	0.583065206118	0.583065206118
0.9	2.811	0.567927607808	0.567927607808
0.92	2.811	0.550364677351	0.550364677351
0.94	2.811	0.534035324394	0.534035324394
0.96	2.811	0.518882359855	0.518882359855
0.98	2.811	0.501519094506	0.501519094506
1.0	2.811	0.48413357872	0.48413357872
0.0	2.812	0.767431059322	0.767431059322
0.02	2.812	0.775759999077	0.775759999077
0.04	2.812	0.773995355695	0.773995355695
0.06	2.812	0.777727146436	0.777727146436
0.08	2.812	0.780572285563	0.780572285563
0.1	2.812	0.78380280918	0.78380280918
0.12	2.812	0.78669155655	0.78669155655
0.14	2.812	0.789907267471	0.789907267471
0.16	2.812	0.792158375136	0.792158375136
0.18	2.812	0.799749999038	0.799749999038
0.2	2.812	0.797016870063	0.797016870063
0.22	2.812	0.799571346595	0.799571346595
0.24	2.812	0.801077331381	0.801077331381
0.26	2.812	0.802711236465	0.802711236465
0.28	2.812	0.803894705791	0.803894705791
0.3	2.812	0.804740052263	0.804740052263
0.32	2.812	0.805160743436	0.805160743436
0.34	2.812	0.805152882479	0.805152882479
0.36	2.812	0.804688764067	0.804688764067
0.38	2.812	0.803750855097	0.803750855097
0.4	2.812	0.802318979982	0.802318979982
0.42	2.812	0.800374437937	0.800374437937
0.44	2.812	0.797898918889	0.797898918889
0.46	2.812	0.794875074063	0.794875074063
0.48	2.812	0.791287399461	0.791287399461
0.5	2.812	0.787121609265	0.787121609265
0.52	2.812	0.782368384915	0.782368384915
0.54	2.812	0.777016966195	0.777016966195
0.56	2.812	0.771074627421	0.771074627421
0.58	2.812	0.764520872555	0.764520872555
0.6	2.812	0.757434200529	0.757434200529
0.62	2.812	0.749651193446	0.749651193446
0.64	2.812	0.741726640915	0.741726640915
0.66	2.812	0.732173102342	0.732173102342
0.68	2.812	0.725380000145	0.725380000145
0.7	2.812	0.710215273522	0.710215273522
0.72	2.812	0.697852465201	0.697852465201
0.74	2.812	0.683942853751	0.683942853751
0.76	2.812	0.670017647216	0.670017647216
0.78	2.812	0.655561260411	0.655561260411
0.8	2.812	0.640787496196	0.640787496196
0.82	2.812	0.625650250816	0.625650250816
0.84	2.812	0.610225986021	0.610225986021
0.86	2.812	0.594533237115	0.594533237115
0.88	2.812	0.578474456702	0.578474456702
0.9	2.812	0.56245418055	0.56245418055
0.92	2.812	0.543673170564	0.543673170564
0.94	2.812	0.527046829008	0.527046829008
0.96	2.812	0.51255345929	0.51255345929
0.98	2.812	0.49541295184	0.49541295184
1.0	2.812	0.478394924368	0.478394924368
0.0	2.813	0.766843671235	0.766843671235
0.02	2.813	0.770040000066	0.770040000066
0.04	2.813	0.773362135097	0.773362135097
0.06	2.813	0.776901436134	0.776901436134
0.08	2.813	0.78011484892	0.78011484892
0.1	2.813	0.783314053786	0.783314053786
0.12	2.813	0.786227727841	0.786227727841
0.14	2.813	0.789061948324	0.789061948324
0.16	2.813	0.79149866077	0.79149866077
0.18	2.813	0.793850000072	0.793850000072
0.2	2.813	0.796428702912	0.796428702912
0.22	2.813	0.798874989183	0.798874989183
0.24	2.813	0.800843044926	0.800843044926
0.26	2.813	0.802573875222	0.802573875222
0.28	2.813	0.803880533988	0.803880533988
0.3	2.813	0.80480509228	0.80480509228
0.32	2.813	0.805298682779	0.805298682779
0.34	2.813	0.805354421685	0.805354421685
0.36	2.813	0.804949770284	0.804949770284
0.38	2.813	0.804068536419	0.804068536419
0.4	2.813	0.802691973342	0.802691973342
0.42	2.813	0.800802474005	0.800802474005
0.44	2.813	0.798382567556	0.798382567556
0.46	2.813	0.795415928686	0.795415928686
0.48	2.813	0.791887664942	0.791887664942
0.5	2.813	0.787785110951	0.787785110951
0.52	2.813	0.783098657934	0.783098657934
0.54	2.813	0.777821858899	0.777821858899
0.56	2.813	0.771956440025	0.771956440025
0.58	2.813	0.765498407458	0.765498407458
0.6	2.813	0.758491306593	0.758491306593
0.62	2.813	0.750850387452	0.750850387452
0.64	2.813	0.742907393595	0.742907393595
0.66	2.813	0.73365322954	0.73365322954
0.68	2.813	0.725380000181	0.725380000181
0.7	2.813	0.711252890372	0.711252890372
0.72	2.813	0.698146275846	0.698146275846
0.74	2.813	0.68380699719	0.68380699719
0.76	2.813	0.669284192071	0.669284192071
0.78	2.813	0.654283026674	0.654283026674
0.8	2.813	0.638928991601	0.638928991601
0.82	2.813	0.623208730702	0.623208730702
0.84	2.813	0.607156890103	0.607156890103
0.86	2.813	0.590799165883	0.590799165883
0.88	2.813	0.573984441827	0.573984441827
0.9	2.813	0.557115052487	0.557115052487
0.92	2.813	0.53751824179	0.53751824179
0.94	2.813	0.520601758134	0.520601758134
0.96	2.813	0.506377341063	0.506377341063
0.98	2.813	0.489448450519	0.489448450519
1.0	2.813	0.472719567976	0.472719567976
0.0	2.814	0.766332157743	0.766332157743
0.02	2.814	0.764670000753	0.764670000753
0.04	2.814	0.772801746427	0.772801746427
0.06	2.814	0.776134771897	0.776134771897
0.08	2.814	0.779727243615	0.779727243615
0.1	2.814	0.782885770326	0.782885770326
0.12	2.814	0.785833699754	0.785833699754
0.14	2.814	0.788275622038	0.788275622038
0.16	2.814	0.790910625666	0.790910625666
0.18	2.814	0.788320000788	0.788320000788
0.2	2.814	0.795905088836	0.795905088836
0.22	2.814	0.798223969071	0.798223969071
0.24	2.814	0.800656381471	0.800656381471
0.26	2.814	0.80247104681	0.80247104681
0.28	2.814	0.803897484335	0.803897484335
0.3	2.814	0.804893279977	0.804893279977
0.32	2.814	0.805454378548	0.805454378548
0.34	2.814	0.80556800584	0.80556800584
0.36	2.814	0.805217934015	0.805217934015
0.38	2.814	0.804388612202	0.804388612202
0.4	2.814	0.803062725276	0.803062725276
0.42	2.814	0.801223423123	0.801223423123
0.44	2.814	0.798853863103	0.798853863103
0.46	2.814	0.795938394205	0.795938394205
0.48	2.814	0.792462473507	0.792462473507
0.5	2.814	0.788414474198	0.788414474198
0.52	2.814	0.783784372659	0.783784372659
0.54	2.814	0.778568623576	0.778568623576
0.56	2.814	0.772764498592	0.772764498592
0.58	2.814	0.766379696562	0.766379696562
0.6	2.814	0.759431857918	0.759431857918
0.62	2.814	0.751892524723	0.751892524723
0.64	2.814	0.743949190405	0.743949190405
0.66	2.814	0.734892844811	0.734892844811
0.68	2.814	0.726470000157	0.726470000157
0.7	2.814	0.712053303985	0.712053303985
0.72	2.814	0.698307911298	0.698307911298
0.74	2.814	0.683524591004	0.683524591004
0.76	2.814	0.668449032201	0.668449032201
0.78	2.814	0.65292823582	0.65292823582
0.8	2.814	0.637023232687	0.637023232687
0.82	2.814	0.62074299044	0.62074299044
0.84	2.814	0.604093644726	0.604093644726
0.86	2.814	0.587096237253	0.587096237253
0.88	2.814	0.569606719989	0.569606719989
0.9	2.814	0.551930601067	0.551930601067
0.92	2.814	0.531829098787	0.531829098787
0.94	2.814	0.514630901429	0.514630901429
0.96	2.814	0.500378115851	0.500378115851
0.98	2.814	0.48364526299	0.48364526299
1.0	2.814	0.467130937321	0.467130937321
0.0	2.815	0.765921214106	0.765921214106
0.02	2.815	0.763829999921	0.763829999921
0.04	2.815	0.772348345758	0.772348345758
0.06	2.815	0.775575488413	0.775575488413
0.08	2.815	0.779423252974	0.779423252974
0.1	2.815	0.782546099089	0.782546099089
0.12	2.815	0.785523721503	0.785523721503
0.14	2.815	0.787701130188	0.787701130188
0.16	2.815	0.79043101297	0.79043101297
0.18	2.815	0.78744999993	0.78744999993
0.2	2.815	0.795482035802	0.795482035802
0.22	2.815	0.797768726065	0.797768726065
0.24	2.815	0.800528443199	0.800528443199
0.26	2.815	0.802417231689	0.802417231689
0.28	2.815	0.803949217274	0.803949217274
0.3	2.815	0.805007536343	0.805007536343
0.32	2.815	0.805629160353	0.805629160353
0.34	2.815	0.805794522643	0.805794522643
0.36	2.815	0.805493738936	0.805493738936
0.38	2.815	0.80471135055	0.80471135055
0.4	2.815	0.803431332983	0.803431332983
0.42	2.815	0.801637250997	0.801637250997
0.44	2.815	0.799312655858	0.799312655858
0.46	2.815	0.796442205181	0.796442205181
0.48	2.815	0.793011452981	0.793011452981
0.5	2.815	0.789009187671	0.789009187671
0.52	2.815	0.784424935748	0.784424935748
0.54	2.815	0.779256454879	0.779256454879
0.56	2.815	0.773498175627	0.773498175627
0.58	2.815	0.76716362043	0.76716362043
0.6	2.815	0.760256960211	0.760256960211
0.62	2.815	0.752776364292	0.752776364292
0.64	2.815	0.744860130064	0.744860130064
0.66	2.815	0.735891102447	0.735891102447
0.68	2.815	0.728109999385	0.728109999385
0.7	2.815	0.712616005257	0.712616005257
0.72	2.815	0.698346205471	0.698346205471
0.74	2.815	0.68309566793	0.68309566793
0.76	2.815	0.667515296257	0.667515296257
0.78	2.815	0.651498939166	0.651498939166
0.8	2.815	0.635074175349	0.635074175349
0.82	2.815	0.618259270012	0.618259270012
0.84	2.815	0.601043584108	0.601043584108
0.86	2.815	0.583436306751	0.583436306751
0.88	2.815	0.565339212666	0.565339212666
0.9	2.815	0.5469038216	0.5469038216
0.92	2.815	0.526755182171	0.526755182171
0.94	2.815	0.50928481775	0.50928481775
0.96	2.815	0.494562252355	0.494562252355
0.98	2.815	0.478006268389	0.478006268389
1.0	2.815	0.46164802411	0.46164802411
0.0	2.816	0.765629809722	0.765629809722
0.02	2.816	0.764739999864	0.764739999864
0.04	2.816	0.772026479865	0.772026479865
0.06	2.816	0.775249522827	0.775249522827
0.08	2.816	0.779215064736	0.779215064736
0.1	2.816	0.782314292941	0.782314292941
0.12	2.816	0.785310401369	0.785310401369
0.14	2.816	0.787365240947	0.787365240947
0.16	2.816	0.790086468684	0.790086468684
0.18	2.816	0.788389999862	0.788389999862
0.2	2.816	0.795185539688	0.795185539688
0.22	2.816	0.797533949534	0.797533949534
0.24	2.816	0.80046900315	0.80046900315
0.26	2.816	0.802422354501	0.802422354501
0.28	2.816	0.80403896995	0.80403896995
0.3	2.816	0.8051503465	0.8051503465
0.32	2.816	0.805824149143	0.805824149143
0.34	2.816	0.806034718956	0.806034718956
0.36	2.816	0.805777587303	0.805777587303
0.38	2.816	0.805036995172	0.805036995172
0.4	2.816	0.803797922089	0.803797922089
0.42	2.816	0.80204400948	0.80204400948
0.44	2.816	0.799758942885	0.799758942885
0.46	2.816	0.796927316013	0.796927316013
0.48	2.816	0.793534528249	0.793534528249
0.5	2.816	0.789569147809	0.789569147809
0.52	2.816	0.785020247677	0.785020247677
0.54	2.816	0.779885244043	0.779885244043
0.56	2.816	0.774157451457	0.774157451457
0.58	2.816	0.767850205152	0.767850205152
0.6	2.816	0.760966511585	0.760966511585
0.62	2.816	0.753502288146	0.753502288146
0.64	2.816	0.745630010878	0.745630010878
0.66	2.816	0.736647488284	0.736647488284
0.68	2.816	0.728300000924	0.728300000924
0.7	2.816	0.712940775091	0.712940775091
0.72	2.816	0.698251601239	0.698251601239
0.74	2.816	0.682521739526	0.682521739526
0.76	2.816	0.666484667762	0.666484667762
0.78	2.816	0.649997992213	0.649997992213
0.8	2.816	0.633085757036	0.633085757036
0.82	2.816	0.615763598864	0.615763598864
0.84	2.816	0.598012237315	0.598012237315
0.86	2.816	0.579828442095	0.579828442095
0.88	2.816	0.56116648433	0.56116648433
0.9	2.816	0.542021430279	0.542021430279
0.92	2.816	0.521976104394	0.521976104394
0.94	2.816	0.504243895878	0.504243895878
0.96	2.816	0.488919539604	0.488919539604
0.98	2.816	0.472518697376	0.472518697376
1.0	2.816	0.456285992725	0.456285992725
0.0	2.817	0.765470450657	0.765470450657
0.02	2.817	0.765469999926	0.765469999926
0.04	2.817	0.771850792102	0.771850792102
0.06	2.817	0.775105208559	0.775105208559
0.08	2.817	0.77911206229	0.77911206229
0.1	2.817	0.782199242039	0.782199242039
0.12	2.817	0.785203454139	0.785203454139
0.14	2.817	0.787214672235	0.787214672235
0.16	2.817	0.789893075031	0.789893075031
0.18	2.817	0.789149999915	0.789149999915
0.2	2.817	0.795031167154	0.795031167154
0.22	2.817	0.797464829546	0.797464829546
0.24	2.817	0.800485507012	0.800485507012
0.26	2.817	0.802491028025	0.802491028025
0.28	2.817	0.8041692783	0.8041692783
0.3	2.817	0.805323506297	0.805323506297
0.32	2.817	0.806040182175	0.806040182175
0.34	2.817	0.806289144735	0.806289144735
0.36	2.817	0.806069777753	0.806069777753
0.38	2.817	0.805365750764	0.805365750764
0.4	2.817	0.804162639413	0.804162639413
0.42	2.817	0.802443832015	0.802443832015
0.44	2.817	0.800192865343	0.800192865343
0.46	2.817	0.797393898847	0.797393898847
0.48	2.817	0.794031919376	0.794031919376
0.5	2.817	0.790094655314	0.790094655314
0.52	2.817	0.785570699637	0.785570699637
0.54	2.817	0.780455567255	0.780455567255
0.56	2.817	0.774742927815	0.774742927815
0.58	2.817	0.76844058876	0.76844058876
0.6	2.817	0.761559652826	0.761559652826
0.62	2.817	0.754072265848	0.754072265848
0.64	2.817	0.746238504147	0.746238504147
0.66	2.817	0.737163321109	0.737163321109
0.68	2.817	0.730839999211	0.730839999211
0.7	2.817	0.713029173714	0.713029173714
0.72	2.817	0.69800429996	0.69800429996
0.74	2.817	0.681805717501	0.681805717501
0.76	2.817	0.665357785398	0.665357785398
0.78	2.817	0.648428937943	0.648428937943
0.8	2.817	0.631061926927	0.631061926927
0.82	2.817	0.613261784628	0.613261784628
0.84	2.817	0.59500437987	0.59500437987
0.86	2.817	0.576280246603	0.576280246603
0.88	2.817	0.55706496859	0.55706496859
0.9	2.817	0.537260694152	0.537260694152
0.92	2.817	0.51738156446	0.51738156446
0.94	2.817	0.499398435487	0.499398435487
0.96	2.817	0.48342979744	0.48342979744
0.98	2.817	0.46716064162	0.46716064162
1.0	2.817	0.451057386634	0.451057386634
0.0	2.818	0.765450405203	0.765450405203
0.02	2.818	0.765379999824	0.765379999824
0.04	2.818	0.771829114442	0.771829114442
0.06	2.818	0.775099933501	0.775099933501
0.08	2.818	0.779120252104	0.779120252104
0.1	2.818	0.782203702385	0.782203702385
0.12	2.818	0.785209109531	0.785209109531
0.14	2.818	0.787205474039	0.787205474039
0.16	2.818	0.789859520559	0.789859520559
0.18	2.818	0.789049999818	0.789049999818
0.2	2.818	0.795027266672	0.795027266672
0.22	2.818	0.797516507719	0.797516507719
0.24	2.818	0.800582667903	0.800582667903
0.26	2.818	0.802624694488	0.802624694488
0.28	2.818	0.804341772059	0.804341772059
0.3	2.818	0.805528036302	0.805528036302
0.32	2.818	0.806277750088	0.806277750088
0.34	2.818	0.806558111572	0.806558111572
0.36	2.818	0.806370485701	0.806370485701
0.38	2.818	0.805697770143	0.805697770143
0.4	2.818	0.804525645776	0.804525645776
0.42	2.818	0.802836928354	0.802836928354
0.44	2.818	0.800614704364	0.800614704364
0.46	2.818	0.797842339187	0.797842339187
0.48	2.818	0.794504137124	0.794504137124
0.5	2.818	0.790586407825	0.790586407825
0.52	2.818	0.786077171094	0.786077171094
0.54	2.818	0.780968670793	0.780968670793
0.56	2.818	0.775255900542	0.775255900542
0.58	2.818	0.768937006266	0.768937006266
0.6	2.818	0.762035803912	0.762035803912
0.62	2.818	0.754490011697	0.754490011697
0.64	2.818	0.746644280844	0.746644280844
0.66	2.818	0.737440719197	0.737440719197
0.68	2.818	0.73084000034	0.73084000034
0.7	2.818	0.712883496426	0.712883496426
0.72	2.818	0.697563367042	0.697563367042
0.74	2.818	0.68095203277	0.68095203277
0.76	2.818	0.664135236533	0.664135236533
0.78	2.818	0.646795921298	0.646795921298
0.8	2.818	0.629006747163	0.629006747163
0.82	2.818	0.610759420295	0.610759420295
0.84	2.818	0.592025314766	0.592025314766
0.86	2.818	0.572799426669	0.572799426669
0.88	2.818	0.553016274981	0.553016274981
0.9	2.818	0.532604498599	0.532604498599
0.92	2.818	0.512211268783	0.512211268783
0.94	2.818	0.493988730004	0.493988730004
0.96	2.818	0.478077842106	0.478077842106
0.98	2.818	0.461915857205	0.461915857205
1.0	2.818	0.445973606167	0.445973606167
0.0	2.819	0.765572660051	0.765572660051
0.02	2.819	0.764500000093	0.764500000093
0.04	2.819	0.771964669923	0.771964669923
0.06	2.819	0.77523569548	0.77523569548
0.08	2.819	0.779242055578	0.779242055578
0.1	2.819	0.782328154963	0.782328154963
0.12	2.819	0.785329900044	0.785329900044
0.14	2.819	0.787339933805	0.787339933805
0.16	2.819	0.789989420129	0.789989420129
0.18	2.819	0.788140000099	0.788140000099
0.2	2.819	0.795177316932	0.795177316932
0.22	2.819	0.797690968352	0.797690968352
0.24	2.819	0.800762365967	0.800762365967
0.26	2.819	0.802823580768	0.802823580768
0.28	2.819	0.804557050466	0.804557050466
0.3	2.819	0.805764185154	0.805764185154
0.32	2.819	0.806536951842	0.806536951842
0.34	2.819	0.80684166722	0.80684166722
0.36	2.819	0.806679747987	0.806679747987
0.38	2.819	0.806033144115	0.806033144115
0.4	2.819	0.804887109319	0.804887109319
0.42	2.819	0.803223578869	0.803223578869
0.44	2.819	0.801024875645	0.801024875645
0.46	2.819	0.798273229386	0.798273229386
0.48	2.819	0.794951975772	0.794951975772
0.5	2.819	0.791045488984	0.791045488984
0.52	2.819	0.78654102499	0.78654102499
0.54	2.819	0.781426452179	0.781426452179
0.56	2.819	0.775698450762	0.775698450762
0.58	2.819	0.7693427798	0.7693427798
0.6	2.819	0.762396085244	0.762396085244
0.62	2.819	0.754761239592	0.754761239592
0.64	2.819	0.746824083294	0.746824083294
0.66	2.819	0.737487493604	0.737487493604
0.68	2.819	0.730779999889	0.730779999889
0.7	2.819	0.712511657726	0.712511657726
0.72	2.819	0.696905785415	0.696905785415
0.74	2.819	0.679966857649	0.679966857649
0.76	2.819	0.662818938642	0.662818938642
0.78	2.819	0.645103615134	0.645103615134
0.8	2.819	0.626924474349	0.626924474349
0.82	2.819	0.608261838295	0.608261838295
0.84	2.819	0.589081783987	0.589081783987
0.86	2.819	0.569394865028	0.569394865028
0.88	2.819	0.549034199809	0.549034199809
0.9	2.819	0.528070159026	0.528070159026
0.92	2.819	0.505764881182	0.505764881182
0.94	2.819	0.487315119873	0.487315119873
0.96	2.819	0.472882209733	0.472882209733
0.98	2.819	0.456801855811	0.456801855811
1.0	2.819	0.441045887959	0.441045887959
0.0	2.82	0.765835831416	0.765835831416
0.02	2.82	0.764500000186	0.764500000186
0.04	2.82	0.77225599101	0.77225599101
0.06	2.82	0.775545402156	0.775545402156
0.08	2.82	0.779476243517	0.779476243517
0.1	2.82	0.782571018357	0.782571018357
0.12	2.82	0.785564597404	0.785564597404
0.14	2.82	0.787652253921	0.787652253921
0.16	2.82	0.790281243179	0.790281243179
0.18	2.82	0.788140000197	0.788140000197
0.2	2.82	0.795479869316	0.795479869316
0.22	2.82	0.798022693719	0.798022693719
0.24	2.82	0.801023627699	0.801023627699
0.26	2.82	0.803086802107	0.803086802107
0.28	2.82	0.804814633333	0.804814633333
0.3	2.82	0.806031445709	0.806031445709
0.32	2.82	0.806817470463	0.806817470463
0.34	2.82	0.80713958459	0.80713958459
0.36	2.82	0.806997452881	0.806997452881
0.38	2.82	0.806371894601	0.806371894601
0.4	2.82	0.805247199707	0.805247199707
0.42	2.82	0.803604128691	0.803604128691
0.44	2.82	0.801423922888	0.801423922888
0.46	2.82	0.798687360172	0.798687360172
0.48	2.82	0.795376503152	0.795376503152
0.5	2.82	0.791473353922	0.791473353922
0.52	2.82	0.786964096853	0.786964096853
0.54	2.82	0.781831435765	0.781831435765
0.56	2.82	0.776073504699	0.776073504699
0.58	2.82	0.769662294457	0.769662294457
0.6	2.82	0.762644356134	0.762644356134
0.62	2.82	0.754893820697	0.754893820697
0.64	2.82	0.746779650909	0.746779650909
0.66	2.82	0.737317070071	0.737317070071
0.68	2.82	0.729850000054	0.729850000054
0.7	2.82	0.711927105881	0.711927105881
0.72	2.82	0.69603336616	0.69603336616
0.74	2.82	0.678858236651	0.678858236651
0.76	2.82	0.661413139116	0.661413139116
0.78	2.82	0.643357134902	0.643357134902
0.8	2.82	0.624819537242	0.624819537242
0.82	2.82	0.605773962871	0.605773962871
0.84	2.82	0.586181737044	0.586181737044
0.86	2.82	0.566076307104	0.566076307104
0.88	2.82	0.545166643616	0.545166643616
0.9	2.82	0.523711588092	0.523711588092
0.92	2.82	0.500132012168	0.500132012168
0.94	2.82	0.481467987656	0.481467987656
0.96	2.82	0.467897247616	0.467897247616
0.98	2.82	0.451871685521	0.451871685521
1.0	2.82	0.436284880239	0.436284880239
0.0	2.821	0.766233060372	0.766233060372
0.02	2.821	0.766209999909	0.766209999909
0.04	2.821	0.772694612074	0.772694612074
0.06	2.821	0.776043286524	0.776043286524
0.08	2.821	0.779818007375	0.779818007375
0.1	2.821	0.782926321111	0.782926321111
0.12	2.821	0.785908291098	0.785908291098
0.14	2.821	0.788157318815	0.788157318815
0.16	2.821	0.790725951563	0.790725951563
0.18	2.821	0.789899999913	0.789899999913
0.2	2.821	0.795926185748	0.795926185748
0.22	2.821	0.798527410604	0.798527410604
0.24	2.821	0.801362683377	0.801362683377
0.26	2.821	0.803411177347	0.803411177347
0.28	2.821	0.805112982664	0.805112982664
0.3	2.821	0.806328574306	0.806328574306
0.32	2.821	0.807118570142	0.807118570142
0.34	2.821	0.807451363706	0.807451363706
0.36	2.821	0.807323335999	0.807323335999
0.38	2.821	0.806713971153	0.806713971153
0.4	2.821	0.805606083483	0.805606083483
0.42	2.821	0.803978981853	0.803978981853
0.44	2.821	0.801812510265	0.801812510265
0.46	2.821	0.799085710338	0.799085710338
0.48	2.821	0.79577904789	0.79577904789
0.5	2.821	0.791871811186	0.791871811186
0.52	2.821	0.787348675128	0.787348675128
0.54	2.821	0.782186741284	0.782186741284
0.56	2.821	0.776384823967	0.776384823967
0.58	2.821	0.769900943772	0.769900943772
0.6	2.821	0.762787497885	0.762787497885
0.62	2.821	0.754897718739	0.754897718739
0.64	2.821	0.746524361248	0.746524361248
0.66	2.821	0.736948937514	0.736948937514
0.68	2.821	0.728229999988	0.728229999988
0.7	2.821	0.711149266171	0.711149266171
0.72	2.821	0.694959378013	0.694959378013
0.74	2.821	0.67763600141	0.67763600141
0.76	2.821	0.659924661813	0.659924661813
0.78	2.821	0.641561927235	0.641561927235
0.8	2.821	0.622696376936	0.622696376936
0.82	2.821	0.603300065034	0.603300065034
0.84	2.821	0.583332974394	0.583332974394
0.86	2.821	0.56285268818	0.56285268818
0.88	2.821	0.541461563804	0.541461563804
0.9	2.821	0.519582334241	0.519582334241
0.92	2.821	0.494922275065	0.494922275065
0.94	2.821	0.47605772448	0.47605772448
0.96	2.821	0.463176092119	0.463176092119
0.98	2.821	0.447178547591	0.447178547591
1.0	2.821	0.431698847405	0.431698847405
0.0	2.822	0.766751791791	0.766751791791
0.02	2.822	0.768770000429	0.768770000429
0.04	2.822	0.773264224045	0.773264224045
0.06	2.822	0.776695156603	0.776695156603
0.08	2.822	0.780259316608	0.780259316608
0.1	2.822	0.783382259112	0.783382259112
0.12	2.822	0.7863527634	0.7863527634
0.14	2.822	0.788820111018	0.788820111018
0.16	2.822	0.791306185862	0.791306185862
0.18	2.822	0.792540000441	0.792540000441
0.2	2.822	0.796499412123	0.796499412123
0.22	2.822	0.799171447937	0.799171447937
0.24	2.822	0.80177326018	0.80177326018
0.26	2.822	0.803790496162	0.803790496162
0.28	2.822	0.805449591477	0.805449591477
0.3	2.822	0.806653653876	0.806653653876
0.32	2.822	0.807439113282	0.807439113282
0.34	2.822	0.807776245567	0.807776245567
0.36	2.822	0.807656982092	0.807656982092
0.38	2.822	0.807059250723	0.807059250723
0.4	2.822	0.805963920691	0.805963920691
0.42	2.822	0.804348595515	0.804348595515
0.44	2.822	0.802191414041	0.802191414041
0.46	2.822	0.799469434693	0.799469434693
0.48	2.822	0.796161184058	0.796161184058
0.5	2.822	0.792243001151	0.792243001151
0.52	2.822	0.787697472566	0.787697472566
0.54	2.822	0.782496044834	0.782496044834
0.56	2.822	0.77663691264	0.77663691264
0.58	2.822	0.770065039058	0.770065039058
0.6	2.822	0.762835076877	0.762835076877
0.62	2.822	0.754784675586	0.754784675586
0.64	2.822	0.746095681394	0.746095681394
0.66	2.822	0.736407768818	0.736407768818
0.68	2.822	0.725509999352	0.725509999352
0.7	2.822	0.710202658747	0.710202658747
0.72	2.822	0.693720991329	0.693720991329
0.74	2.822	0.676311443438	0.676311443438
0.76	2.822	0.658362539539	0.658362539539
0.78	2.822	0.63972363245	0.63972363245
0.8	2.822	0.62055917812	0.62055917812
0.82	2.822	0.600843476342	0.600843476342
0.84	2.822	0.58054151386	0.58054151386
0.86	2.822	0.559730097551	0.559730097551
0.88	2.822	0.537954614441	0.537954614441
0.9	2.822	0.515721580301	0.515721580301
0.92	2.822	0.49019535194	0.49019535194
0.94	2.822	0.471144649281	0.471144649281
0.96	2.822	0.458756629644	0.458756629644
0.98	2.822	0.442761777613	0.442761777613
1.0	2.822	0.427291520317	0.427291520317
0.0	2.823	0.767375389765	0.767375389765
0.02	2.823	0.772229999277	0.772229999277
0.04	2.823	0.773943149257	0.773943149257
0.06	2.823	0.777425100966	0.777425100966
0.08	2.823	0.780789640905	0.780789640905
0.1	2.823	0.783923126488	0.783923126488
0.12	2.823	0.786887241944	0.786887241944
0.14	2.823	0.789562552844	0.789562552844
0.16	2.823	0.791998929185	0.791998929185
0.18	2.823	0.796109999249	0.796109999249
0.2	2.823	0.797177218872	0.797177218872
0.22	2.823	0.799878454398	0.799878454398
0.24	2.823	0.802247201518	0.802247201518
0.26	2.823	0.804216501075	0.804216501075
0.28	2.823	0.805821129671	0.805821129671
0.3	2.823	0.807004229106	0.807004229106
0.32	2.823	0.807777594323	0.807777594323
0.34	2.823	0.808113235932	0.808113235932
0.36	2.823	0.807997832237	0.807997832237
0.38	2.823	0.807407540261	0.807407540261
0.4	2.823	0.806320862784	0.806320862784
0.42	2.823	0.804713474303	0.804713474303
0.44	2.823	0.802561513471	0.802561513471
0.46	2.823	0.799839850395	0.799839850395
0.48	2.823	0.796524713636	0.796524713636
0.5	2.823	0.79258937103	0.79258937103
0.52	2.823	0.788013591594	0.788013591594
0.54	2.823	0.782763532951	0.782763532951
0.56	2.823	0.776834856684	0.776834856684
0.58	2.823	0.770161689603	0.770161689603
0.6	2.823	0.762797988576	0.762797988576
0.62	2.823	0.754567658229	0.754567658229
0.64	2.823	0.745572683698	0.745572683698
0.66	2.823	0.73572153918	0.73572153918
0.68	2.823	0.721290001074	0.721290001074
0.7	2.823	0.70911501655	0.70911501655
0.72	2.823	0.69239679128	0.69239679128
0.74	2.823	0.674896757028	0.674896757028
0.76	2.823	0.65673663862	0.65673663862
0.78	2.823	0.637847936101	0.637847936101
0.8	2.823	0.618411561219	0.618411561219
0.82	2.823	0.59840633775	0.59840633775
0.84	2.823	0.57781035025	0.57781035025
0.86	2.823	0.556710197509	0.556710197509
0.88	2.823	0.534661269025	0.534661269025
0.9	2.823	0.51214481049	0.51214481049
0.92	2.823	0.487141068717	0.487141068717
0.94	2.823	0.467918930574	0.467918930574
0.96	2.823	0.454652159651	0.454652159651
0.98	2.823	0.438637680444	0.438637680444
1.0	2.823	0.423060447479	0.423060447479
0.0	2.824	0.768085615495	0.768085615495
0.02	2.824	0.772590000247	0.772590000247
0.04	2.824	0.77470830865	0.77470830865
0.06	2.824	0.778167590639	0.778167590639
0.08	2.824	0.781396907735	0.781396907735
0.1	2.824	0.784533934931	0.784533934931
0.12	2.824	0.787499395315	0.787499395315
0.14	2.824	0.790317122433	0.790317122433
0.16	2.824	0.792779756358	0.792779756358
0.18	2.824	0.796490000247	0.796490000247
0.2	2.824	0.797936020101	0.797936020101
0.22	2.824	0.800582854021	0.800582854021
0.24	2.824	0.802775299397	0.802775299397
0.26	2.824	0.804681236919	0.804681236919
0.28	2.824	0.80622362425	0.80622362425
0.3	2.824	0.807377482821	0.807377482821
0.32	2.824	0.808132185736	0.808132185736
0.34	2.824	0.808461135046	0.808461135046
0.36	2.824	0.808345195544	0.808345195544
0.38	2.824	0.807758581554	0.807758581554
0.4	2.824	0.806677051701	0.806677051701
0.42	2.824	0.805074164738	0.805074164738
0.44	2.824	0.802923781078	0.802923781078
0.46	2.824	0.800198421751	0.800198421751
0.48	2.824	0.796871647316	0.796871647316
0.5	2.824	0.792913646646	0.792913646646
0.52	2.824	0.788300488992	0.788300488992
0.54	2.824	0.782993851322	0.782993851322
0.56	2.824	0.776984152337	0.776984152337
0.58	2.824	0.770198672398	0.770198672398
0.6	2.824	0.762685949164	0.762685949164
0.62	2.824	0.754260175073	0.754260175073
0.64	2.824	0.745027530244	0.745027530244
0.66	2.824	0.73491762935	0.73491762935
0.68	2.824	0.721289999564	0.721289999564
0.7	2.824	0.70791339078	0.70791339078
0.72	2.824	0.691058265227	0.691058265227
0.74	2.824	0.673404361299	0.673404361299
0.76	2.824	0.655055147001	0.655055147001
0.78	2.824	0.635940436053	0.635940436053
0.8	2.824	0.616256332433	0.616256332433
0.82	2.824	0.59598944532	0.59598944532
0.84	2.824	0.575138945263	0.575138945263
0.86	2.824	0.553789543548	0.553789543548
0.88	2.824	0.5315680258	0.5315680258
0.9	2.824	0.508833722039	0.508833722039
0.92	2.824	0.484149466311	0.484149466311
0.94	2.824	0.464770533398	0.464770533398
0.96	2.824	0.45084134726	0.45084134726
0.98	2.824	0.434790168093	0.434790168093
1.0	2.824	0.418996323811	0.418996323811
0.0	2.825	0.768865967217	0.768865967217
0.02	2.825	0.77258999979	0.77258999979
0.04	2.825	0.775540945607	0.775540945607
0.06	2.825	0.77892598591	0.77892598591
0.08	2.825	0.782068385652	0.782068385652
0.1	2.825	0.785203896658	0.785203896658
0.12	2.825	0.788176250657	0.788176250657
0.14	2.825	0.791087262375	0.791087262375
0.16	2.825	0.793628871253	0.793628871253
0.18	2.825	0.796489999787	0.796489999787
0.2	2.825	0.79875697796	0.79875697796
0.22	2.825	0.801290130825	0.801290130825
0.24	2.825	0.803348047225	0.803348047225
0.26	2.825	0.805178826809	0.805178826809
0.28	2.825	0.806652643716	0.806652643716
0.3	2.825	0.807770377616	0.807770377616
0.32	2.825	0.808500790967	0.808500790967
0.34	2.825	0.808818568269	0.808818568269
0.36	2.825	0.808698264331	0.808698264331
0.38	2.825	0.808112057643	0.808112057643
0.4	2.825	0.807032619968	0.807032619968
0.42	2.825	0.8054312497	0.8054312497
0.44	2.825	0.803279272381	0.803279272381
0.46	2.825	0.800546743571	0.800546743571
0.48	2.825	0.797204184043	0.797204184043
0.5	2.825	0.793218801156	0.793218801156
0.52	2.825	0.788561945463	0.788561945463
0.54	2.825	0.78319204957	0.78319204957
0.56	2.825	0.777090614116	0.777090614116
0.58	2.825	0.770184314233	0.770184314233
0.6	2.825	0.762505557177	0.762505557177
0.62	2.825	0.753875750965	0.753875750965
0.64	2.825	0.744447478773	0.744447478773
0.66	2.825	0.734015906459	0.734015906459
0.68	2.825	0.721290000001	0.721290000001
0.7	2.825	0.70661723668	0.70661723668
0.72	2.825	0.689691817416	0.689691817416
0.74	2.825	0.671846391488	0.671846391488
0.76	2.825	0.653322651212	0.653322651212
0.78	2.825	0.634006553048	0.634006553048
0.8	2.825	0.614095396833	0.614095396833
0.82	2.825	0.593592221392	0.593592221392
0.84	2.825	0.572523426958	0.572523426958
0.86	2.825	0.550959835648	0.550959835648
0.88	2.825	0.528655333546	0.528655333546
0.9	2.825	0.505760616495	0.505760616495
0.92	2.825	0.481310833	0.481310833
0.94	2.825	0.461789167352	0.461789167352
0.96	2.825	0.447292710608	0.447292710608
0.98	2.825	0.431193818472	0.431193818472
1.0	2.825	0.415083337746	0.415083337746
0.0	2.826	0.769701384024	0.769701384024
0.02	2.826	0.772590000323	0.772590000323
0.04	2.826	0.776425344037	0.776425344037
0.06	2.826	0.779749993841	0.779749993841
0.08	2.826	0.782791237342	0.782791237342
0.1	2.826	0.785925395118	0.785925395118
0.12	2.826	0.788904767439	0.788904767439
0.14	2.826	0.791924329204	0.791924329204
0.16	2.826	0.794529851779	0.794529851779
0.18	2.826	0.796490000342	0.796490000342
0.2	2.826	0.799624715149	0.799624715149
0.22	2.826	0.802053742443	0.802053742443
0.24	2.826	0.803956069457	0.803956069457
0.26	2.826	0.80570495905	0.80570495905
0.28	2.826	0.807103462798	0.807103462798
0.3	2.826	0.808179708522	0.808179708522
0.32	2.826	0.808881099642	0.808881099642
0.34	2.826	0.809184013995	0.809184013995
0.36	2.826	0.809056131666	0.809056131666
0.38	2.826	0.808467600239	0.808467600239
0.4	2.826	0.807387691578	0.807387691578
0.42	2.826	0.805785342878	0.805785342878
0.44	2.826	0.803629115082	0.803629115082
0.46	2.826	0.800886523209	0.800886523209
0.48	2.826	0.797524689427	0.797524689427
0.5	2.826	0.793508020826	0.793508020826
0.52	2.826	0.788802042549	0.788802042549
0.54	2.826	0.783363522507	0.783363522507
0.56	2.826	0.777160430395	0.777160430395
0.58	2.826	0.770127398127	0.770127398127
0.6	2.826	0.76226089796	0.76226089796
0.62	2.826	0.753427826043	0.753427826043
0.64	2.826	0.743767348522	0.743767348522
0.66	2.826	0.733031407249	0.733031407249
0.68	2.826	0.721290000184	0.721290000184
0.7	2.826	0.705241104376	0.705241104376
0.72	2.826	0.688231249465	0.688231249465
0.74	2.826	0.670234624644	0.670234624644
0.76	2.826	0.651540775621	0.651540775621
0.78	2.826	0.632051498129	0.632051498129
0.8	2.826	0.611929895717	0.611929895717
0.82	2.826	0.591212808227	0.591212808227
0.84	2.826	0.569956975806	0.569956975806
0.86	2.826	0.548208538328	0.548208538328
0.88	2.826	0.52590353945	0.52590353945
0.9	2.826	0.502895083072	0.502895083072
0.92	2.826	0.479415736953	0.479415736953
0.94	2.826	0.459764264059	0.459764264059
0.96	2.826	0.443971463401	0.443971463401
0.98	2.826	0.427820119006	0.427820119006
1.0	2.826	0.411299976446	0.411299976446
0.0	2.827	0.770577395985	0.770577395985
0.02	2.827	0.774950000529	0.774950000529
0.04	2.827	0.777346705225	0.777346705225
0.06	2.827	0.780667354436	0.780667354436
0.08	2.827	0.783552800382	0.783552800382
0.1	2.827	0.786689729743	0.786689729743
0.12	2.827	0.789672126366	0.789672126366
0.14	2.827	0.792857160123	0.792857160123
0.16	2.827	0.795467442856	0.795467442856
0.18	2.827	0.798920000546	0.798920000546
0.2	2.827	0.800525078173	0.800525078173
0.22	2.827	0.802904717525	0.802904717525
0.24	2.827	0.804590293346	0.804590293346
0.26	2.827	0.80625473502	0.80625473502
0.28	2.827	0.807571200245	0.807571200245
0.3	2.827	0.808602088215	0.808602088215
0.32	2.827	0.809270641541	0.809270641541
0.34	2.827	0.809555828353	0.809555828353
0.36	2.827	0.80941781028	0.80941781028
0.38	2.827	0.80882479775	0.80882479775
0.4	2.827	0.807742383446	0.807742383446
0.42	2.827	0.806137083176	0.806137083176
0.44	2.827	0.803974497718	0.803974497718
0.46	2.827	0.801219561401	0.801219561401
0.48	2.827	0.797835672713	0.797835672713
0.5	2.827	0.793784667996	0.793784667996
0.52	2.827	0.789025143812	0.789025143812
0.54	2.827	0.783513946644	0.783513946644
0.56	2.827	0.77720035151	0.77720035151
0.58	2.827	0.770037083136	0.770037083136
0.6	2.827	0.761956359366	0.761956359366
0.62	2.827	0.752929980671	0.752929980671
0.64	2.827	0.742915637137	0.742915637137
0.66	2.827	0.731977130646	0.731977130646
0.68	2.827	0.721289999918	0.721289999918
0.7	2.827	0.703797441556	0.703797441556
0.72	2.827	0.686603897529	0.686603897529
0.74	2.827	0.668580741364	0.668580741364
0.76	2.827	0.649711051017	0.649711051017
0.78	2.827	0.630080283757	0.630080283757
0.8	2.827	0.609760539676	0.609760539676
0.82	2.827	0.588848264704	0.588848264704
0.84	2.827	0.567430290601	0.567430290601
0.86	2.827	0.54551973488	0.54551973488
0.88	2.827	0.523269234903	0.523269234903
0.9	2.827	0.500180691029	0.500180691029
0.92	2.827	0.47848504396	0.47848504396
0.94	2.827	0.458714954357	0.458714954357
0.96	2.827	0.440816435837	0.440816435837
0.98	2.827	0.424614162248	0.424614162248
1.0	2.827	0.407620137496	0.407620137496
0.0	2.828	0.77147919798	0.77147919798
0.02	2.828	0.779059999022	0.779059999022
0.04	2.828	0.778288992027	0.778288992027
0.06	2.828	0.781630529613	0.781630529613
0.08	2.828	0.784340860798	0.784340860798
0.1	2.828	0.787484615674	0.787484615674
0.12	2.828	0.79046600756	0.79046600756
0.14	2.828	0.793837093107	0.793837093107
0.16	2.828	0.796425314254	0.796425314254
0.18	2.828	0.803149998989	0.803149998989
0.2	2.828	0.801442869454	0.801442869454
0.22	2.828	0.803796701798	0.803796701798
0.24	2.828	0.805242131649	0.805242131649
0.26	2.828	0.80682140534	0.80682140534
0.28	2.828	0.808050934513	0.808050934513
0.3	2.828	0.809033937834	0.809033937834
0.32	2.828	0.809666837149	0.809666837149
0.34	2.828	0.809932268556	0.809932268556
0.36	2.828	0.809782252021	0.809782252021
0.38	2.828	0.809183203749	0.809183203749
0.4	2.828	0.808096807199	0.808096807199
0.42	2.828	0.806487129044	0.806487129044
0.44	2.828	0.804316657724	0.804316657724
0.46	2.828	0.801547732092	0.801547732092
0.48	2.828	0.79813976171	0.79813976171
0.5	2.828	0.794052241429	0.794052241429
0.52	2.828	0.789235871911	0.789235871911
0.54	2.828	0.783649210011	0.783649210011
0.56	2.828	0.777217911615	0.777217911615
0.58	2.828	0.769922807786	0.769922807786
0.6	2.828	0.761600235155	0.761600235155
0.62	2.828	0.752396173107	0.752396173107
0.64	2.828	0.741828739857	0.741828739857
0.66	2.828	0.730866858847	0.730866858847
0.68	2.828	0.719520000043	0.719520000043
0.7	2.828	0.70229942684	0.70229942684
0.72	2.828	0.684744876706	0.684744876706
0.74	2.828	0.666896608946	0.666896608946
0.76	2.828	0.64783858611	0.64783858611
0.78	2.828	0.628097743559	0.628097743559
0.8	2.828	0.607588021216	0.607588021216
0.82	2.828	0.586494835161	0.586494835161
0.84	2.828	0.564932511426	0.564932511426
0.86	2.828	0.542875596154	0.542875596154
0.88	2.828	0.520699661438	0.520699661438
0.9	2.828	0.497551271288	0.497551271288
0.92	2.828	0.476179946497	0.476179946497
0.94	2.828	0.456300054069	0.456300054069
0.96	2.828	0.43775665916	0.43775665916
0.98	2.828	0.421509848386	0.421509848386
1.0	2.828	0.404014889197	0.404014889197
0.0	2.829	0.772393320869	0.772393320869
0.02	2.829	0.779340000342	0.779340000342
0.04	2.829	0.779238038866	0.779238038866
0.06	2.829	0.782568038308	0.782568038308
0.08	2.829	0.78514407618	0.78514407618
0.1	2.829	0.788296329858	0.788296329858
0.12	2.829	0.791275020769	0.791275020769
0.14	2.829	0.794790676269	0.794790676269
0.16	2.829	0.797389269083	0.797389269083
0.18	2.829	0.803450000345	0.803450000345
0.2	2.829	0.802365034787	0.802365034787
0.22	2.829	0.804658647744	0.804658647744
0.24	2.829	0.805903836406	0.805903836406
0.26	2.829	0.807397463292	0.807397463292
0.28	2.829	0.808537799624	0.808537799624
0.3	2.829	0.809471525573	0.809471525573
0.32	2.829	0.810067043354	0.810067043354
0.34	2.829	0.810311516658	0.810311516658
0.36	2.829	0.810148367212	0.810148367212
0.38	2.829	0.809542345795	0.809542345795
0.4	2.829	0.808451071137	0.808451071137
0.42	2.829	0.806836152772	0.806836152772
0.44	2.829	0.804656868913	0.804656868913
0.46	2.829	0.801872961484	0.801872961484
0.48	2.829	0.798439675048	0.798439675048
0.5	2.829	0.794314334543	0.794314334543
0.52	2.829	0.789439071394	0.789439071394
0.54	2.829	0.783775334225	0.783775334225
0.56	2.829	0.777221545154	0.777221545154
0.58	2.829	0.769794145926	0.769794145926
0.6	2.829	0.76120792889	0.76120792889
0.62	2.829	0.751840664051	0.751840664051
0.64	2.829	0.740503273288	0.740503273288
0.66	2.829	0.729717920697	0.729717920697
0.68	2.829	0.71483999931	0.71483999931
0.7	2.829	0.700763747209	0.700763747209
0.72	2.829	0.682649434169	0.682649434169
0.74	2.829	0.665194258289	0.665194258289
0.76	2.829	0.645935351121	0.645935351121
0.78	2.829	0.626108522249	0.626108522249
0.8	2.829	0.605413341537	0.605413341537
0.82	2.829	0.584148245143	0.584148245143
0.84	2.829	0.562452200225	0.562452200225
0.86	2.829	0.540257980892	0.540257980892
0.88	2.829	0.518165775874	0.518165775874
0.9	2.829	0.49496771674	0.49496771674
0.92	2.829	0.474081983586	0.474081983586
0.94	2.829	0.454098016686	0.454098016686
0.96	2.829	0.434748548129	0.434748548129
0.98	2.829	0.418463795518	0.418463795518
1.0	2.829	0.400454359697	0.400454359697
0.0	2.83	0.773311172065	0.773311172065
0.02	2.83	0.779340000031	0.779340000031
0.04	2.83	0.780188718109	0.780188718109
0.06	2.83	0.783480588434	0.783480588434
0.08	2.83	0.785952350203	0.785952350203
0.1	2.83	0.789113000206	0.789113000206
0.12	2.83	0.79208908474	0.79208908474
0.14	2.83	0.795718584897	0.795718584897
0.16	2.83	0.798354586424	0.798354586424
0.18	2.83	0.803450000035	0.803450000035
0.2	2.83	0.80328799012	0.80328799012
0.22	2.83	0.805493696019	0.805493696019
0.24	2.83	0.806568828805	0.806568828805
0.26	2.83	0.807976320578	0.807976320578
0.28	2.83	0.809027052734	0.809027052734
0.3	2.83	0.809911022578	0.809911022578
0.32	2.83	0.810468593268	0.810468593268
0.34	2.83	0.810691704118	0.810691704118
0.36	2.83	0.81051504347	0.81051504347
0.38	2.83	0.809901734617	0.809901734617
0.4	2.83	0.808805282196	0.808805282196
0.42	2.83	0.807184834776	0.807184834776
0.44	2.83	0.804996428374	0.804996428374
0.46	2.83	0.802197206615	0.802197206615
0.48	2.83	0.798738191498	0.798738191498
0.5	2.83	0.794574592416	0.794574592416
0.52	2.83	0.789639750209	0.789639750209
0.54	2.83	0.783898390691	0.783898390691
0.56	2.83	0.77722047688	0.77722047688
0.58	2.83	0.769660604111	0.769660604111
0.6	2.83	0.760802660757	0.760802660757
0.62	2.83	0.751277351026	0.751277351026
0.64	2.83	0.739071298402	0.739071298402
0.66	2.83	0.728549844961	0.728549844961
0.68	2.83	0.705410000535	0.705410000535
0.7	2.83	0.699209266589	0.699209266589
0.72	2.83	0.680448204685	0.680448204685
0.74	2.83	0.663485275326	0.663485275326
0.76	2.83	0.644020972333	0.644020972333
0.78	2.83	0.624117016946	0.624117016946
0.8	2.83	0.603237906464	0.603237906464
0.82	2.83	0.581803981156	0.581803981156
0.84	2.83	0.559977662885	0.559977662885
0.86	2.83	0.537649324504	0.537649324504
0.88	2.83	0.515645883557	0.515645883557
0.9	2.83	0.492402344417	0.492402344417
0.92	2.83	0.472423105766	0.472423105766
0.94	2.83	0.452336894028	0.452336894028
0.96	2.83	0.431760731283	0.431760731283
0.98	2.83	0.415439144277	0.415439144277
1.0	2.83	0.396908876908	0.396908876908