Ro	Time	T_SvFs	T
0.02	2.8	3.61403485224	3.62849
0.19	2.8	3.42282877109	3.4345
0.28	2.8	3.06966871259	3.06689
0.36	2.8	2.74035606738	2.7468
0.43	2.8	2.38752903588	2.38334
0.58	2.8	1.79197657493	1.81432
0.64	2.8	1.45882137058	1.4405
0.7	2.8	1.20822896484	1.22813
1.0	2.8	0.00112459852343	0.0
0.02	2.801	3.63848654192	3.63923
0.19	2.801	3.44729367491	3.44615
0.28	2.801	3.08760319822	3.08128
0.36	2.801	2.7565341718	2.76239
0.43	2.801	2.39552604666	2.39923
0.58	2.801	1.794874058	1.80985
0.64	2.801	1.45811483079	1.43869
0.7	2.801	1.21273237324	1.22381
1.0	2.801	0.000735654501477	0.0
0.02	2.802	3.66429337354	3.65274
0.19	2.802	3.47227741872	3.47203
0.28	2.802	3.1061654322	3.08803
0.36	2.802	2.77283404965	2.78695
0.43	2.802	2.40424059304	2.40653
0.58	2.802	1.7985571673	1.81118
0.64	2.802	1.45830920171	1.43978
0.7	2.802	1.21752569792	1.22198
1.0	2.802	9.46834805724e-05	0.0
0.02	2.803	3.69107211987	3.68481
0.19	2.803	3.49762423916	3.49787
0.28	2.803	3.12525935479	3.1076
0.36	2.803	2.78932292918	2.79435
0.43	2.803	2.41359444666	2.40689
0.58	2.803	1.80262244834	1.81255
0.64	2.803	1.45909706629	1.44552
0.7	2.803	1.22234758581	1.22447
1.0	2.803	-0.000185475458586	0.0
0.02	2.804	3.71877784814	3.71384
0.19	2.804	3.52345946112	3.52893
0.28	2.804	3.14497753322	3.12827
0.36	2.804	2.80600645422	2.80329
0.43	2.804	2.42352850089	2.4137
0.58	2.804	1.80723440155	1.81255
0.64	2.804	1.46071328608	1.44185
0.7	2.804	1.22745600238	1.22761
1.0	2.804	-0.000380580269099	0.0
0.02	2.805	3.74707936972	3.74719
0.19	2.805	3.54959686814	3.55954
0.28	2.805	3.16513125059	3.14911
0.36	2.805	2.82290082767	2.82041
0.43	2.805	2.43393684375	2.42384
0.58	2.805	1.81206880403	1.8162
0.64	2.805	1.46278651557	1.44816
0.7	2.805	1.23259423829	1.23012
1.0	2.805	-0.000437716274922	0.0
0.02	2.806	3.77596480076	3.77411
0.19	2.806	3.57607168126	3.5875
0.28	2.806	3.18575306887	3.18167
0.36	2.806	2.83988171671	2.8403
0.43	2.806	2.44471275267	2.43346
0.58	2.806	1.81727004993	1.8213
0.64	2.806	1.46552114922	1.45269
0.7	2.806	1.2379649103	1.23747
1.0	2.806	-0.000465921117394	0.0
0.02	2.807	3.80508469949	3.80028
0.19	2.807	3.6026742571	3.6109
0.28	2.807	3.20655131057	3.2181
0.36	2.807	2.85689456981	2.86725
0.43	2.807	2.45567755607	2.44595
0.58	2.807	1.82247034426	1.82447
0.64	2.807	1.46845286478	1.45433
0.7	2.807	1.24325774766	1.24388
1.0	2.807	-0.000437971394261	0.0
0.02	2.808	3.83458659293	3.83789
0.19	2.808	3.62939182556	3.62897
0.28	2.808	3.22752906374	3.2379
0.36	2.808	2.87371589803	2.88576
0.43	2.808	2.46667936821	2.45936
0.58	2.808	1.82776193349	1.83536
0.64	2.808	1.47177053516	1.46467
0.7	2.808	1.24861307427	1.25199
1.0	2.808	-0.000412723661186	0.0
0.02	2.809	3.86392891303	3.8706
0.19	2.809	3.65604791328	3.64876
0.28	2.809	3.24837276719	3.24776
0.36	2.809	2.89029221436	2.89825
0.43	2.809	2.47750302585	2.47305
0.58	2.809	1.8327461562	1.84583
0.64	2.809	1.47494559981	1.47767
0.7	2.809	1.25369777759	1.2647
1.0	2.809	-0.000381586247039	0.0
0.02	2.81	3.89324218855	3.90117
0.19	2.81	3.68262077209	3.67564
0.28	2.81	3.26915842547	3.26804
0.36	2.81	2.90639349861	2.9146
0.43	2.81	2.48801737263	2.48391
0.58	2.81	1.83750393784	1.85271
0.64	2.81	1.47820041077	1.48389
0.7	2.81	1.25864412155	1.267
1.0	2.81	-0.000379132551911	0.0
0.02	2.811	3.92206109307	3.92598
0.19	2.811	3.70896881644	3.70029
0.28	2.811	3.289562812	3.28648
0.36	2.811	2.92202079054	2.92608
0.43	2.811	2.49802292397	2.4956
0.58	2.811	1.84169052694	1.85789
0.64	2.811	1.48102839237	1.48771
0.7	2.811	1.26317331559	1.267
1.0	2.811	-0.000400411529727	0.0
0.02	2.812	3.95065723569	3.95749
0.19	2.812	3.73503421271	3.72816
0.28	2.812	3.30970626339	3.30553
0.36	2.812	2.93693094489	2.929
0.43	2.812	2.50744550647	2.51044
0.58	2.812	1.84545885361	1.85928
0.64	2.812	1.48378972989	1.48856
0.7	2.812	1.26750381925	1.267
1.0	2.812	-0.000459001971052	0.0
0.02	2.813	3.97856445739	3.98082
0.19	2.813	3.7606941272	3.75216
0.28	2.813	3.32922729503	3.31875
0.36	2.813	2.95118378271	2.94208
0.43	2.813	2.5161006369	2.52116
0.58	2.813	1.84856253357	1.86283
0.64	2.813	1.48603586188	1.48856
0.7	2.813	1.27144678642	1.267
1.0	2.813	-0.000545822433528	0.0
0.02	2.814	4.00605199123	4.00389
0.19	2.814	3.78581359402	3.77613
0.28	2.814	3.34826390178	3.3342
0.36	2.814	2.96448495087	2.95566
0.43	2.814	2.52395905122	2.5305
0.58	2.814	1.85123284541	1.86318
0.64	2.814	1.48827652365	1.48712
0.7	2.814	1.27530191385	1.27005
1.0	2.814	-0.000656282062638	0.0
0.02	2.815	4.03275129865	4.02734
0.19	2.815	3.81026150499	3.80174
0.28	2.815	3.366360916	3.35678
0.36	2.815	2.97690227704	2.96914
0.43	2.815	2.53082289319	2.54227
0.58	2.815	1.85329733501	1.85966
0.64	2.815	1.49007865125	1.48712
0.7	2.815	1.27894398047	1.27309
1.0	2.815	-0.00077817230257	0.0
0.02	2.816	4.05882812007	4.05086
0.19	2.816	3.83377668673	3.82108
0.28	2.816	3.38363823302	3.38152
0.36	2.816	2.98804901501	2.98496
0.43	2.816	2.5366870925	2.54916
0.58	2.816	1.85503297653	1.85733
0.64	2.816	1.49207313436	1.48645
0.7	2.816	1.28270540936	1.27544
1.0	2.816	-0.00089433370393	0.0
0.02	2.817	4.08384949656	4.07228
0.19	2.817	3.85620651833	3.84638
0.28	2.817	3.39950822562	3.40483
0.36	2.817	2.99800876281	3.00474
0.43	2.817	2.54132009382	2.55711
0.58	2.817	1.85630837631	1.85594
0.64	2.817	1.49377486531	1.48577
0.7	2.817	1.28648778058	1.2764
1.0	2.817	-0.000995001265662	0.0
0.02	2.818	4.10786469818	4.09677
0.19	2.818	3.87716592322	3.87839
0.28	2.818	3.41412462126	3.41365
0.36	2.818	3.00630671854	3.02026
0.43	2.818	2.5447682341	2.56123
0.58	2.818	1.8573972722	1.85413
0.64	2.818	1.49591262454	1.49056
0.7	2.818	1.29060632883	1.28369
1.0	2.818	-0.00105561765842	0.0
0.02	2.819	4.13035722353	4.12429
0.19	2.819	3.89652392598	3.90817
0.28	2.819	3.42681261566	3.41834
0.36	2.819	3.01312359299	3.03694
0.43	2.819	2.54678763852	2.5641
0.58	2.819	1.85819003283	1.85169
0.64	2.819	1.49787961147	1.48999
0.7	2.819	1.29495743013	1.29072
1.0	2.819	-0.00107516300784	0.0
0.02	2.82	4.1511709389	4.15122
0.19	2.82	3.9138248068	3.9283
0.28	2.82	3.43788434943	3.42115
0.36	2.82	3.0179536502	3.04105
0.43	2.82	2.54754015037	2.56299
0.58	2.82	1.85893037121	1.8478
0.64	2.82	1.50050380921	1.49142
0.7	2.82	1.29978765872	1.29232
1.0	2.82	-0.00102408586985	0.0
0.02	2.821	4.16979015561	4.17046
0.19	2.821	3.92907414281	3.94484
0.28	2.821	3.44660483348	3.43726
0.36	2.821	3.02117161119	3.04824
0.43	2.821	2.54680049812	2.53731
0.58	2.821	1.85953350569	1.84649
0.64	2.821	1.50300024639	1.49494
0.7	2.821	1.30498992727	1.29465
1.0	2.821	-0.00091640887646	0.0
0.02	2.822	4.18606648776	4.18589
0.19	2.822	3.94181041503	3.95616
0.28	2.822	3.45353268578	3.45836
0.36	2.822	3.02225546552	3.05257
0.43	2.822	2.54488700534	2.53573
0.58	2.822	1.86017479905	1.84509
0.64	2.822	1.50632838664	1.5062
0.7	2.822	1.31070574519	1.29953
1.0	2.822	-0.000716578370324	0.0
0.02	2.823	4.19983314285	4.19952
0.19	2.823	3.95226189127	3.96754
0.28	2.823	3.45783182089	3.4652
0.36	2.823	3.02182150705	3.04928
0.43	2.823	2.54157985668	2.53143
0.58	2.823	1.86077447499	1.84509
0.64	2.823	1.50939694807	1.50721
0.7	2.823	1.31680873507	1.30595
1.0	2.823	-0.000460860396957	0.0
0.02	2.824	4.21080741671	4.21893
0.19	2.824	3.9599712721	3.97467
0.28	2.824	3.46042623746	3.46322
0.36	2.824	3.01926729736	3.0342
0.43	2.824	2.53729424353	2.51739
0.58	2.824	1.86139580201	1.84498
0.64	2.824	1.51340264223	1.51099
0.7	2.824	1.32328909565	1.3167
1.0	2.824	-0.000100775295148	0.0
0.02	2.825	4.2192814545	4.22845
0.19	2.825	3.96545744021	3.98372
0.28	2.825	3.46031678435	3.45515
0.36	2.825	3.01554432266	3.01658
0.43	2.825	2.53179391311	2.50566
0.58	2.825	1.86194636645	1.84656
0.64	2.825	1.51674100924	1.52236
0.7	2.825	1.33001020243	1.3255
1.0	2.825	0.000298698592426	0.0
0.02	2.826	4.22436170555	4.2401
0.19	2.826	3.96819543466	3.99337
0.28	2.826	3.45892638166	3.45459
0.36	2.826	3.0097955739	3.00311
0.43	2.826	2.52555952087	2.49676
0.58	2.826	1.86238634692	1.85652
0.64	2.826	1.52117643908	1.53425
0.7	2.826	1.33682130756	1.33862
1.0	2.826	0.00082125442261	0.0
0.02	2.827	4.22776887832	4.2346
0.19	2.827	3.96905043095	3.98877
0.28	2.827	3.45475966431	3.45363
0.36	2.827	3.00342829608	2.99032
0.43	2.827	2.51826562987	2.48797
0.58	2.827	1.86252148281	1.86503
0.64	2.827	1.524024996	1.53896
0.7	2.827	1.34356485287	1.3485
1.0	2.827	0.00137937885368	0.0
0.02	2.828	4.22676542965	4.22099
0.19	2.828	3.96721467738	3.97934
0.28	2.828	3.45007558636	3.45452
0.36	2.828	2.99484590954	2.98118
0.43	2.828	2.51036018891	2.47999
0.58	2.828	1.86246029911	1.87085
0.64	2.828	1.52871804375	1.54476
0.7	2.828	1.35015955356	1.3655
1.0	2.828	0.00217427080386	0.0
0.02	2.829	4.22692675907	4.20594
0.19	2.829	3.96409694968	3.95871
0.28	2.829	3.4419889802	3.45343
0.36	2.829	2.98652766509	2.9732
0.43	2.829	2.50145910794	2.47632
0.58	2.829	1.86149774632	1.87085
0.64	2.829	1.5296981599	1.55144
0.7	2.829	1.35617594181	1.37317
1.0	2.829	0.00318340528796	0.0
0.02	2.83	4.21940628651	4.19291
0.19	2.83	3.9580306053	3.94426
0.28	2.83	3.43511414277	3.44623
0.36	2.83	2.97477911727	2.96664
0.43	2.83	2.49186137151	2.47815
0.58	2.83	1.86099435968	1.876
0.64	2.83	1.53575245599	1.55574
0.7	2.83	1.36241009123	1.37758
1.0	2.83	0.00414071906638	0.0