Ro	Time	T_SvFs	T
0.02	2.8	3.62848999918	3.62849
0.19	2.8	3.43449999825	3.4345
0.28	2.8	3.06689000027	3.06689
0.36	2.8	2.74679999943	2.7468
0.43	2.8	2.38334000212	2.38334
0.58	2.8	1.81431999709	1.81432
0.64	2.8	1.44050000254	1.4405
0.7	2.8	1.22812999836	1.22813
1.0	2.8	9.37072641705e-12	0.0
0.02	2.801	3.63922999958	3.63923
0.19	2.801	3.44615000295	3.44615
0.28	2.801	3.08127999862	3.08128
0.36	2.801	2.76239000151	2.76239
0.43	2.801	2.39922999939	2.39923
0.58	2.801	1.80984999868	1.80985
0.64	2.801	1.43869000301	1.43869
0.7	2.801	1.22380999902	1.22381
1.0	2.801	1.14708242904e-12	0.0
0.02	2.802	3.65274000321	3.65274
0.19	2.802	3.47202999815	3.47203
0.28	2.802	3.08803000399	3.08803
0.36	2.802	2.78694999442	2.78695
0.43	2.802	2.40652999956	2.40653
0.58	2.802	1.81117999802	1.81118
0.64	2.802	1.43978000294	1.43978
0.7	2.802	1.22198000001	1.22198
1.0	2.802	-4.20596890649e-12	0.0
0.02	2.803	3.6848099988	3.68481
0.19	2.803	3.49787000004	3.49787
0.28	2.803	3.10760000123	3.1076
0.36	2.803	2.79434999807	2.79435
0.43	2.803	2.40689000371	2.40689
0.58	2.803	1.81254999765	1.81255
0.64	2.803	1.44551999976	1.44552
0.7	2.803	1.22446999913	1.22447
1.0	2.803	-1.23954180253e-11	0.0
0.02	2.804	3.7138400009	3.71384
0.19	2.804	3.52892999851	3.52893
0.28	2.804	3.12827000072	3.12827
0.36	2.804	2.80328999973	2.80329
0.43	2.804	2.4137000016	2.4137
0.58	2.804	1.81254999871	1.81255
0.64	2.804	1.44185000436	1.44185
0.7	2.804	1.22760999868	1.22761
1.0	2.804	-1.44395606583e-11	0.0
0.02	2.805	3.74718999884	3.74719
0.19	2.805	3.55953999815	3.55954
0.28	2.805	3.14911000392	3.14911
0.36	2.805	2.82040999861	2.82041
0.43	2.805	2.42384000009	2.42384
0.58	2.805	1.8161999981	1.8162
0.64	2.805	1.44816000156	1.44816
0.7	2.805	1.23012000001	1.23012
1.0	2.805	-9.61719592851e-12	0.0
0.02	2.806	3.77411000002	3.77411
0.19	2.806	3.58749999824	3.5875
0.28	2.806	3.18167000238	3.18167
0.36	2.806	2.84030000004	2.8403
0.43	2.806	2.43346000191	2.43346
0.58	2.806	1.82129999732	1.8213
0.64	2.806	1.45269000122	1.45269
0.7	2.806	1.23746999859	1.23747
1.0	2.806	1.71063163634e-12	0.0
0.02	2.807	3.80028000257	3.80028
0.19	2.807	3.61089999846	3.6109
0.28	2.807	3.21809999735	3.2181
0.36	2.807	2.86724999683	2.86725
0.43	2.807	2.44595000202	2.44595
0.58	2.807	1.82446999945	1.82447
0.64	2.807	1.45433000419	1.45433
0.7	2.807	1.24387999902	1.24388
1.0	2.807	1.81725745563e-11	0.0
0.02	2.808	3.83788999908	3.83789
0.19	2.808	3.62897000057	3.62897
0.28	2.808	3.23789999887	3.2379
0.36	2.808	2.88575999744	2.88576
0.43	2.808	2.45936000208	2.45936
0.58	2.808	1.8353599978	1.83536
0.64	2.808	1.46467000315	1.46467
0.7	2.808	1.25198999995	1.25199
1.0	2.808	3.57576190879e-11	0.0
0.02	2.809	3.87059999983	3.8706
0.19	2.809	3.64876000172	3.64876
0.28	2.809	3.24776000369	3.24776
0.36	2.809	2.8982499995	2.89825
0.43	2.809	2.47305000087	2.47305
0.58	2.809	1.84582999754	1.84583
0.64	2.809	1.47767000137	1.47767
0.7	2.809	1.26469999685	1.2647
1.0	2.809	4.82165418703e-11	0.0
0.02	2.81	3.90116999909	3.90117
0.19	2.81	3.67563999834	3.67564
0.28	2.81	3.26804000086	3.26804
0.36	2.81	2.91459999697	2.9146
0.43	2.81	2.48391000233	2.48391
0.58	2.81	1.85270999819	1.85271
0.64	2.81	1.4838900024	1.48389
0.7	2.81	1.26699999897	1.267
1.0	2.81	5.06381603316e-11	0.0
0.02	2.811	3.92598000183	3.92598
0.19	2.811	3.70029000068	3.70029
0.28	2.811	3.2864800012	3.28648
0.36	2.811	2.92607999643	2.92608
0.43	2.811	2.49560000295	2.4956
0.58	2.811	1.85788999767	1.85789
0.64	2.811	1.48771000186	1.48771
0.7	2.811	1.26699999954	1.267
1.0	2.811	4.31428226477e-11	0.0
0.02	2.812	3.95748999865	3.95749
0.19	2.812	3.72815999829	3.72816
0.28	2.812	3.30552999945	3.30553
0.36	2.812	2.9290000014	2.929
0.43	2.812	2.51043999976	2.51044
0.58	2.812	1.85927999901	1.85928
0.64	2.812	1.48856000205	1.48856
0.7	2.812	1.2669999994	1.267
1.0	2.812	3.07700531721e-11	0.0
0.02	2.813	3.98082000036	3.98082
0.19	2.813	3.75215999941	3.75216
0.28	2.813	3.31875000133	3.31875
0.36	2.813	2.94207999895	2.94208
0.43	2.813	2.52116000061	2.52116
0.58	2.813	1.86282999756	1.86283
0.64	2.813	1.48856000203	1.48856
0.7	2.813	1.26699999994	1.267
1.0	2.813	1.94764204764e-11	0.0
0.02	2.814	4.00389000039	4.00389
0.19	2.814	3.77612999972	3.77613
0.28	2.814	3.3342000027	3.3342
0.36	2.814	2.95565999842	2.95566
0.43	2.814	2.53050000209	2.5305
0.58	2.814	1.86317999728	1.86318
0.64	2.814	1.48712000288	1.48712
0.7	2.814	1.27004999906	1.27005
1.0	2.814	1.23856480627e-11	0.0
0.02	2.815	4.02734000019	4.02734
0.19	2.815	3.80173999688	3.80174
0.28	2.815	3.3567800014	3.35678
0.36	2.815	2.96913999944	2.96914
0.43	2.815	2.54226999938	2.54227
0.58	2.815	1.85965999856	1.85966
0.64	2.815	1.48712000228	1.48712
0.7	2.815	1.27308999872	1.27309
1.0	2.815	9.539924406e-12	0.0
0.02	2.816	4.05085999959	4.05086
0.19	2.816	3.82108000153	3.82108
0.28	2.816	3.38152000019	3.38152
0.36	2.816	2.98496000036	2.98496
0.43	2.816	2.54916000164	2.54916
0.58	2.816	1.85732999844	1.85733
0.64	2.816	1.48645000226	1.48645
0.7	2.816	1.27543999851	1.27544
1.0	2.816	9.99644811372e-12	0.0
0.02	2.817	4.07228000068	4.07228
0.19	2.817	3.84638000221	3.84638
0.28	2.817	3.40482999734	3.40483
0.36	2.817	3.00473999868	3.00474
0.43	2.817	2.55711000033	2.55711
0.58	2.817	1.85593999816	1.85594
0.64	2.817	1.48577000345	1.48577
0.7	2.817	1.27640000045	1.2764
1.0	2.817	1.27524657501e-11	0.0
0.02	2.818	4.09677000089	4.09677
0.19	2.818	3.87838999919	3.87839
0.28	2.818	3.41365000066	3.41365
0.36	2.818	3.02025999959	3.02026
0.43	2.818	2.56123000211	2.56123
0.58	2.818	1.85412999831	1.85413
0.64	2.818	1.49056000114	1.49056
0.7	2.818	1.28368999891	1.28369
1.0	2.818	1.57851509641e-11	0.0
0.02	2.819	4.12429000051	4.12429
0.19	2.819	3.90816999637	3.90817
0.28	2.819	3.41834000215	3.41834
0.36	2.819	3.03693999608	3.03694
0.43	2.819	2.56410000134	2.5641
0.58	2.819	1.85168999812	1.85169
0.64	2.819	1.48999000304	1.48999
0.7	2.819	1.29071999746	1.29072
1.0	2.819	1.59339208494e-11	0.0
0.02	2.82	4.15121999926	4.15122
0.19	2.82	3.92829999825	3.9283
0.28	2.82	3.42115000602	3.42115
0.36	2.82	3.04104999886	3.04105
0.43	2.82	2.56298999371	2.56299
0.58	2.82	1.84779999867	1.8478
0.64	2.82	1.49142000302	1.49142
0.7	2.82	1.29231999872	1.29232
1.0	2.82	1.12581055589e-11	0.0
0.02	2.821	4.17046000007	4.17046
0.19	2.821	3.94483999793	3.94484
0.28	2.821	3.43726000384	3.43726
0.36	2.821	3.0482399968	3.04824
0.43	2.821	2.53731001081	2.53731
0.58	2.821	1.84648999811	1.84649
0.64	2.821	1.49494000371	1.49494
0.7	2.821	1.29464999947	1.29465
1.0	2.821	3.35731442647e-12	0.0
0.02	2.822	4.18589000029	4.18589
0.19	2.822	3.95616000031	3.95616
0.28	2.822	3.4583599991	3.45836
0.36	2.822	3.0525699961	3.05257
0.43	2.822	2.53573000178	2.53573
0.58	2.822	1.84508999869	1.84509
0.64	2.822	1.50619999908	1.5062
0.7	2.822	1.2995299996	1.29953
1.0	2.822	-3.40794059639e-12	0.0
0.02	2.823	4.19952000189	4.19952
0.19	2.823	3.96753999886	3.96754
0.28	2.823	3.46520000018	3.4652
0.36	2.823	3.04927999603	3.04928
0.43	2.823	2.53142999933	2.53143
0.58	2.823	1.84508999812	1.84509
0.64	2.823	1.50721000224	1.50721
0.7	2.823	1.30594999995	1.30595
1.0	2.823	-5.05506747572e-12	0.0
0.02	2.824	4.21892999875	4.21893
0.19	2.824	3.97467000075	3.97467
0.28	2.824	3.46322000063	3.46322
0.36	2.824	3.03419999781	3.0342
0.43	2.824	2.51739000306	2.51739
0.58	2.824	1.84497999833	1.84498
0.64	2.824	1.51099000351	1.51099
0.7	2.824	1.31669999816	1.3167
1.0	2.824	-1.32338584535e-13	0.0
0.02	2.825	4.22845000184	4.22845
0.19	2.825	3.98372000024	3.98372
0.28	2.825	3.45515000366	3.45515
0.36	2.825	3.01657999886	3.01658
0.43	2.825	2.50566000235	2.50566
0.58	2.825	1.84656000029	1.84656
0.64	2.825	1.52236000155	1.52236
0.7	2.825	1.32549999995	1.3255
1.0	2.825	1.03241859506e-11	0.0
0.02	2.826	4.24009999799	4.2401
0.19	2.826	3.99336999538	3.99337
0.28	2.826	3.4545900019	3.45459
0.36	2.826	3.00310999806	3.00311
0.43	2.826	2.49676000107	2.49676
0.58	2.826	1.85651999818	1.85652
0.64	2.826	1.53424999992	1.53425
0.7	2.826	1.3386199987	1.33862
1.0	2.826	2.35638175639e-11	0.0
0.02	2.827	4.23459999983	4.2346
0.19	2.827	3.98876999897	3.98877
0.28	2.827	3.4536300023	3.45363
0.36	2.827	2.99031999894	2.99032
0.43	2.827	2.48797000131	2.48797
0.58	2.827	1.86502999747	1.86503
0.64	2.827	1.53896000281	1.53896
0.7	2.827	1.3485000009	1.3485
1.0	2.827	3.70072861244e-11	0.0
0.02	2.828	4.22099000076	4.22099
0.19	2.828	3.97933999659	3.97934
0.28	2.828	3.45452000085	3.45452
0.36	2.828	2.98117999852	2.98118
0.43	2.828	2.47999000258	2.47999
0.58	2.828	1.87084999667	1.87085
0.64	2.828	1.54476000326	1.54476
0.7	2.828	1.36549999669	1.3655
1.0	2.828	5.24509324862e-11	0.0
0.02	2.829	4.20594000085	4.20594
0.19	2.829	3.9587100025	3.95871
0.28	2.829	3.45342999906	3.45343
0.36	2.829	2.97319999922	2.9732
0.43	2.829	2.47632000239	2.47632
0.58	2.829	1.87084999916	1.87085
0.64	2.829	1.5514400023	1.55144
0.7	2.829	1.37316999817	1.37317
1.0	2.829	1.99423144664e-10	0.0
0.02	2.83	4.19291000005	4.19291
0.19	2.83	3.94425999988	3.94426
0.28	2.83	3.44623000037	3.44623
0.36	2.83	2.96663999919	2.96664
0.43	2.83	2.47815000044	2.47815
0.58	2.83	1.87599999786	1.876
0.64	2.83	1.5557400025	1.55574
0.7	2.83	1.3775799992	1.37758
1.0	2.83	2.10159001313e-10	0.0